 0.244623304044617E+00  0.000000000000000E+00
 0.479903065566326E+00 -0.488757526707700E-11
 0.317872256545695E+00 -0.524827403106066E-11
-0.728503051376443E-01 -0.543990904745468E-11
-0.238124170403698E+00  0.752893393089602E-11
 0.997867392118764E-01  0.285872216342976E-11
 0.112168029623551E+00 -0.106541969378028E-10
-0.180128122741763E+00  0.104473236885225E-10
 0.141734894782519E+00 -0.615544700108453E-11
-0.808613239095543E-01  0.214141050751789E-11
 0.371333502331795E-01  0.602349251894257E-13
-0.142998474576317E-01 -0.774103555908652E-12
 0.466209461126920E-02  0.719352418600478E-12
-0.125499218014806E-02 -0.408474702810613E-12
 0.248250305331300E-03  0.120284406529576E-12
-0.135259552900488E-04  0.438797883906258E-13
-0.186327497492464E-04 -0.108793257678297E-12
 0.127828357905091E-04  0.127595848863371E-12
-0.582419820376393E-05 -0.128066143821844E-12
 0.222421060036256E-05  0.119835882589535E-12
-0.761508766350448E-06 -0.103249330049152E-12
 0.240811972142664E-06  0.747408521328469E-13
-0.714680571102478E-07 -0.409370015248503E-13
 0.200779358387618E-07  0.179908889778143E-13
-0.534649719952812E-08 -0.902050175575583E-14
 0.132863672532151E-08  0.538324719618969E-14
-0.283800529329014E-09 -0.308884041800385E-14
 0.269088394034978E-10  0.175732630511429E-14
 0.303605460660639E-10 -0.188210547620656E-15
-0.396098948521957E-10 -0.185467534803415E-14
 0.378513935588032E-10  0.396383341342173E-14
-0.335008666993300E-10 -0.529221095716676E-14
 0.287844164871759E-10  0.538009818129697E-14
-0.246230082459294E-10 -0.565736957404665E-14
 0.212162165819704E-10  0.712517430380695E-14
-0.182400292786378E-10 -0.890342451827835E-14
 0.152420820648085E-10  0.923789533005612E-14
-0.123107024791250E-10 -0.756568358416200E-14
 0.100188859927808E-10  0.479461982066544E-14
-0.844125036728971E-11 -0.179228991194985E-14
 0.713799138679226E-11 -0.337276347358361E-15
-0.584702210897048E-11  0.487473411257443E-15
 0.458062752699685E-11  0.609342520424427E-15
-0.346944158854099E-11 -0.139945128345226E-14
 0.263487833338145E-11  0.173354201415171E-14
-0.199389537304149E-11 -0.184642046344272E-14
 0.145023484493273E-11  0.157495448840802E-14
-0.101800212106340E-11 -0.123712585558511E-14
 0.626334030348836E-12  0.127954174557796E-14
-0.163735641188554E-12 -0.133517432035315E-14
-0.297868294022200E-12  0.835279634555980E-15
 0.636342810516883E-12 -0.131845935297413E-15
-0.886212795042727E-12 -0.265912591581947E-15
 0.111618998549154E-11  0.393599733324561E-15
-0.125043140413188E-11 -0.358720675623817E-15
 0.131147914556528E-11  0.373320176355215E-15
-0.140939938485154E-11 -0.371139729282735E-15
 0.156930248655684E-11 -0.629621245915363E-16
-0.175202728843957E-11  0.772771679373317E-15
 0.188809865823498E-11 -0.126369182671435E-14
-0.199818908893024E-11  0.131678650152235E-14
 0.209283035610449E-11 -0.790204180180016E-15
-0.206843951807491E-11 -0.113195532164383E-15
 0.191132718410181E-11  0.846743368298976E-15
-0.173433666906408E-11 -0.129622001344609E-14
 0.160441950100321E-11  0.149568513308587E-14
-0.149679850084501E-11 -0.133795365253982E-14
 0.138469777128064E-11  0.979926634860998E-15
-0.125640480075459E-11 -0.587573176812218E-15
 0.113691196044943E-11  0.283758532123088E-15
-0.105426977809961E-11 -0.237350718519791E-15
 0.991392775842983E-12  0.318622554940662E-15
-0.898459015282046E-12 -0.244152600773414E-15
 0.791960399847526E-12  0.206650005685856E-16
-0.752220928402277E-12  0.107480188558026E-15
 0.791772792214105E-12 -0.113064697724954E-15
-0.858029035378415E-12  0.146382264818451E-15
 0.914376423274981E-12 -0.145250276851901E-15
-0.927060304167597E-12  0.385423933110241E-16
 0.912810388104516E-12  0.111230517963596E-15
-0.904615743292349E-12 -0.261469569045376E-15
 0.908366680468499E-12  0.334570072160686E-15
-0.938094225441818E-12 -0.390479512057111E-15
 0.101473821300884E-11  0.557637198953954E-15
-0.112289976884168E-11 -0.597398141781367E-15
 0.120306617849524E-11  0.294984525966848E-15
-0.124156169311899E-11  0.112115762145607E-16
 0.129329855278167E-11 -0.189347010026568E-16
-0.136615086808757E-11 -0.622447999396027E-16
 0.140541504097051E-11  0.814419174132039E-16
-0.140601823727269E-11 -0.111049971621654E-15
 0.142252618266041E-11  0.586664503895957E-16
-0.144834449482281E-11  0.469141992668310E-16
 0.144655916959856E-11  0.251793974513869E-16
-0.142474436332004E-11 -0.186574999361179E-15
 0.139897925753222E-11  0.228198458930569E-15
-0.136499227821110E-11 -0.210261737673472E-15
 0.132040577211003E-11  0.173664897243700E-15
-0.127037061392035E-11 -0.738336894172638E-16
 0.121433544702682E-11 -0.779389557342327E-17
-0.115096366953230E-11  0.357515819764453E-16
 0.110670910886699E-11 -0.797522685086952E-16
-0.108708800060779E-11  0.105173868476460E-15
 0.107441754561090E-11 -0.837569678576014E-16
-0.105995431658203E-11  0.115483972755144E-15
 0.102364896001517E-11 -0.202781396841484E-15
-0.972579930138976E-12  0.215908681188981E-15
 0.940874100753829E-12 -0.123929096754338E-15
-0.926451325595004E-12  0.497605807840555E-16
 0.910487547206888E-12 -0.705211121575684E-16
-0.884739194036697E-12  0.819719025599443E-16
 0.839952442358865E-12 -0.465393814811803E-16
-0.768652836489352E-12  0.537676587648591E-16
 0.694481457950524E-12 -0.264215372375980E-16
-0.631558628035080E-12 -0.759067468694722E-16
 0.566719639127566E-12  0.106100534186482E-15
-0.507515610170012E-12 -0.100480133762049E-15
 0.471527056207396E-12  0.142883413358837E-15
-0.452996673968442E-12 -0.119613098271700E-15
 0.423782976026861E-12  0.429791812392749E-16
-0.365568567213561E-12 -0.453013957511097E-16
 0.297067922214186E-12  0.771383548507948E-16
-0.240785176272264E-12 -0.518807942520590E-16
 0.207715236324465E-12  0.245714641637473E-16
-0.208790930686270E-12 -0.321156864810015E-16
 0.244415884744848E-12  0.121330992713414E-16
-0.296239674975394E-12  0.525847608464105E-16
 0.160846424828602E-12 -0.446055171834196E-16
 0.227896617016253E+00 -0.222442959715727E-11
 0.447567447143257E+00 -0.681833395379346E-11
 0.298611207391397E+00 -0.652419298814779E-11
-0.640335791884527E-01 -0.236947309467470E-11
-0.222868516082407E+00  0.778123560644431E-11
 0.878564073125456E-01  0.976303069441845E-12
 0.107952366097261E+00 -0.897107483452489E-11
-0.165408356529626E+00  0.924508265462055E-11
 0.125928033958160E+00 -0.519737209820627E-11
-0.690615237554698E-01  0.133171149228406E-11
 0.300358071984704E-01  0.720771181565298E-12
-0.106429415075987E-01 -0.133747347735241E-11
 0.299345269126644E-02  0.114870545104650E-11
-0.566475261378929E-03 -0.584097663281683E-12
-0.123062560135820E-04  0.785093779921831E-13
 0.778129737816768E-04  0.151705429325385E-12
-0.485048597536238E-04 -0.233387342945302E-12
 0.219422527994485E-04  0.305865994118168E-12
-0.846516367086075E-05 -0.358815363723220E-12
 0.294099604811844E-05  0.364206267678529E-12
-0.944355060062199E-06 -0.322671860617339E-12
 0.284400297230394E-06  0.229619736023365E-12
-0.810315130218755E-07 -0.119339464112114E-12
 0.219203821704393E-07  0.514806317729607E-13
-0.559429234674950E-08 -0.184753187833910E-13
 0.129312055663101E-08 -0.935158225656049E-14
-0.214830207542790E-09  0.231623384836905E-13
-0.368061238970973E-10 -0.240248690368851E-13
 0.861510566390385E-10  0.215850842825633E-13
-0.892839120101045E-10 -0.142130929646821E-13
 0.826167922594011E-10  0.868879515657005E-14
-0.736011729671584E-10 -0.116496172872654E-13
 0.643977058093978E-10  0.217381659399147E-13
-0.562583863771959E-10 -0.342803375534122E-13
 0.495153329010392E-10  0.441891796282070E-13
-0.436607059778023E-10 -0.533566544957644E-13
 0.377924812213111E-10  0.608765419871624E-13
-0.319925848237413E-10 -0.593401841550731E-13
 0.273629108331038E-10  0.468232393436607E-13
-0.240920644707914E-10 -0.282061455364565E-13
 0.213173423683176E-10  0.114662409068540E-13
-0.185769839113992E-10 -0.469908946654143E-14
 0.159725549098350E-10  0.670223926164778E-14
-0.136696373147162E-10 -0.669618772307088E-14
 0.118309455792278E-10  0.278240842305031E-14
-0.103469259663024E-10 -0.473624157943808E-14
 0.902783980926726E-11  0.128799995404014E-13
-0.793589934028728E-11 -0.160597605745078E-13
 0.698460909199844E-11  0.113386869313890E-13
-0.594116561638625E-11 -0.521367196448486E-14
 0.491570962402174E-11  0.503017965516253E-15
-0.411828438782709E-11  0.303971172783648E-14
 0.343448159452128E-11 -0.192545791309635E-14
-0.275687175724845E-11 -0.609854917986838E-14
 0.231381954611878E-11  0.125524532807107E-13
-0.204879180705194E-11 -0.787766180187162E-14
 0.166464230773192E-11 -0.568061311139598E-15
-0.112529153408077E-11 -0.699623141363523E-15
 0.571472973516464E-12  0.945748795747865E-14
-0.146494975032012E-12 -0.142140931192225E-13
-0.200338213358041E-12  0.109723875851385E-13
 0.459216909968032E-12 -0.285217051656173E-14
-0.459563780124328E-12 -0.665648395558920E-14
 0.239660704882917E-12  0.156125383498169E-13
-0.152579432920706E-13 -0.222779204113764E-13
-0.114594013396257E-12  0.231584723393140E-13
 0.199808346815688E-12 -0.172545542162332E-13
-0.317244796106892E-12  0.928348361738785E-14
 0.505691110730747E-12 -0.362529265605978E-14
-0.676271067818384E-12  0.129898009317472E-14
 0.733215483499691E-12 -0.235616345153998E-14
-0.743481031541303E-12  0.529560656287399E-14
 0.839113998960970E-12 -0.640211182602501E-14
-0.981680591037679E-12  0.359350557726370E-14
 0.997784381430878E-12  0.753567508669606E-15
-0.845347053533667E-12 -0.376249119597746E-14
 0.637347213715408E-12  0.519696601054593E-14
-0.475060408830605E-12 -0.480761653235005E-14
 0.413770080549239E-12  0.214607765709753E-14
-0.415977995593068E-12  0.124279970287533E-14
 0.414899019613867E-12 -0.392842493187837E-14
-0.361218636924475E-12  0.674449748942951E-14
 0.223019057038541E-12 -0.104299379781785E-13
-0.120951798652635E-13  0.134921156865794E-13
-0.229822501903853E-12 -0.136189943943227E-13
 0.426419004815638E-12  0.990664556640374E-14
-0.560694685938692E-12 -0.393744484976372E-14
 0.721807848748043E-12 -0.110604946694086E-14
-0.913860636537795E-12  0.338886208295053E-14
 0.103216890973655E-11 -0.341757129054963E-14
-0.106687410099914E-11  0.235829194472785E-14
 0.112328101328904E-11 -0.129077655846043E-14
-0.118898460853636E-11  0.799116553719512E-15
 0.119916560236105E-11 -0.711491719273987E-15
-0.117781870851753E-11  0.105748423993800E-14
 0.116688408237462E-11 -0.196850087022422E-14
-0.115367560136700E-11  0.285736510244092E-14
 0.112160629701518E-11 -0.291602219139887E-14
-0.106451299496460E-11  0.182351808537212E-14
 0.985473867155698E-12 -0.335797789577369E-15
-0.897934882305713E-12  0.229920320400229E-15
 0.843179741861198E-12 -0.216346595781599E-14
-0.819688065727543E-12  0.438016063972751E-14
 0.806508122953983E-12 -0.493399573493213E-14
-0.791382472655746E-12  0.390685095634918E-14
 0.734868791862843E-12 -0.270525773477724E-14
-0.651601592371572E-12  0.233056322742736E-14
 0.613208687319055E-12 -0.272526736281702E-14
-0.619345108984998E-12  0.349210015845386E-14
 0.619479434857905E-12 -0.432959438942316E-14
-0.588642789602133E-12  0.449362605218080E-14
 0.518251138889331E-12 -0.366098526249988E-14
-0.400042261618802E-12  0.261852996901959E-14
 0.283283337041448E-12 -0.160955062080465E-14
-0.195230208274678E-12  0.302381904199334E-15
 0.976132864046343E-13  0.924195452994478E-15
-0.623761838621645E-14 -0.165336604146178E-14
-0.430506130215586E-13  0.165590832933318E-14
 0.710776559205190E-13 -0.583292965068077E-15
-0.130961521568353E-12 -0.112545395448135E-14
 0.237026589118051E-12  0.228048976981714E-14
-0.344763492182557E-12 -0.205172499338443E-14
 0.425737441448696E-12  0.583016090994592E-15
-0.456111394109998E-12  0.937538631307799E-15
 0.371600139541402E-12 -0.138979241815609E-14
-0.132617448110346E-12  0.106456362132388E-14
-0.188828982086568E-12 -0.879786491542193E-15
 0.174691757404372E-12  0.451506995942916E-15
 0.795114892195302E-13 -0.723903239722063E-03
-0.203665381100262E-13 -0.132613300694191E-02
-0.508810656574489E-14 -0.645277316999987E-03
-0.100446246439011E-13  0.162351697024987E-03
 0.640364417792458E-14  0.327740525397693E-03
 0.621627203080061E-14 -0.885283015127763E-04
-0.997075581724662E-14 -0.952147327286687E-04
 0.725199195026661E-14  0.116968358846114E-03
-0.366371030371490E-14 -0.752755790375732E-04
 0.131079734749053E-14  0.361842611385544E-04
-0.275866606561378E-16 -0.143144034459034E-04
-0.374683143510888E-15  0.484414439199982E-05
 0.336575842818202E-15 -0.141815961529625E-05
-0.365588676671535E-15  0.353827959946353E-06
 0.382679510628602E-15 -0.701127689443724E-07
-0.310247574469440E-15  0.777220615783732E-08
 0.274056300027867E-15  0.174366735103928E-08
-0.214965864777953E-15 -0.160819070699614E-08
 0.144748150352406E-15  0.732544239531545E-09
-0.175722064300927E-15 -0.267439043165027E-09
 0.160012084843132E-15  0.864032946483493E-10
-0.119831404090815E-15 -0.256763819866127E-10
 0.129052231402691E-15  0.715657563298130E-11
-0.606174644029196E-16 -0.189123784699447E-11
 0.115326286090705E-17  0.475337748818353E-12
 0.454333068558053E-17 -0.112410771899404E-12
-0.188759224705260E-16  0.234416991582112E-13
 0.481300265594704E-16 -0.349013501038881E-14
-0.114544331707573E-15 -0.877301788738441E-15
 0.112465348736404E-15  0.238819426068701E-14
-0.166791901234276E-16 -0.204675600095030E-14
-0.469875110732737E-16  0.135709049255229E-14
 0.531315712076916E-16 -0.927195711939806E-15
-0.178507458415206E-16  0.999917262405181E-15
-0.237733998623144E-16 -0.344356106260271E-15
 0.357626070447423E-16  0.303671743992552E-15
-0.433777459591518E-16 -0.103570467243319E-15
 0.450894440242149E-16  0.234219343656885E-15
-0.316954581581522E-16  0.198131706771185E-15
 0.242477921469594E-16 -0.102134408908033E-15
-0.190046491853656E-16  0.226943823639615E-15
 0.792664143669467E-17 -0.239268245666394E-16
 0.239297834803446E-17  0.839511658642152E-16
-0.992863134730922E-17  0.471624404698173E-15
 0.115488256482284E-16 -0.706360693224511E-16
-0.840867239820008E-17  0.260512912281412E-15
 0.701334813480119E-17  0.285941756219744E-15
-0.724675214220475E-17 -0.141931547176895E-15
 0.848254235668624E-17  0.213089142295032E-15
-0.102395150105267E-16 -0.352668603054494E-16
 0.763832324931038E-17  0.129713353338741E-15
-0.445462292908603E-17 -0.744489633190980E-16
 0.105998032834073E-16  0.263801157048380E-15
-0.186052143982565E-16 -0.231172083072133E-15
 0.138462623272012E-16  0.149498013085379E-15
-0.460029337220252E-17  0.119101952877389E-15
 0.737893713493299E-17 -0.395463486876639E-16
-0.169425820540141E-16  0.539621116048257E-16
 0.187489301971039E-16  0.947143688572225E-16
-0.105683207045402E-16  0.133858982391149E-16
-0.134780969557760E-17 -0.386684767928124E-17
 0.104012150547613E-16  0.139433524592711E-15
-0.139905613185355E-16 -0.188717933142272E-15
 0.146635007375421E-16 -0.315069621162876E-16
-0.122760926254942E-16  0.114180620316308E-15
 0.369458024627908E-17 -0.436347798550746E-16
 0.648797744365643E-17  0.364033742070533E-16
-0.916375266448252E-17  0.623914708216290E-17
 0.384017384291084E-17 -0.345069609095602E-16
 0.256159610268351E-17 -0.679714360192871E-16
-0.546810207556572E-17  0.188156668762778E-15
 0.533843968290500E-17 -0.318016849141790E-16
-0.531690537288527E-17  0.715972275516388E-16
 0.740288329792400E-17  0.944042125234621E-16
-0.882889786248610E-17 -0.108355617751433E-15
 0.509687635768428E-17  0.132790949118097E-15
 0.285206042918571E-17  0.152246256150498E-16
-0.899821934324451E-17  0.731893723869716E-16
 0.970254750573772E-17  0.128318061772765E-15
-0.664397680667370E-17 -0.230818876950573E-17
 0.286504332360716E-17 -0.195632069530446E-16
 0.290697253987866E-18  0.810498960401344E-16
-0.230394568720347E-17  0.944949922869673E-16
 0.262474973102442E-17  0.364479327722903E-16
-0.166408324866519E-17 -0.198633924517013E-16
 0.968028523888612E-18  0.456353153393535E-16
-0.139012431479982E-17  0.864209749720658E-16
 0.205513103167457E-17  0.387197959051958E-16
-0.191559063112522E-17 -0.250221026875270E-16
 0.134623938407627E-17  0.841379192582919E-16
-0.124807440904329E-17 -0.832834598834981E-17
 0.144424067268365E-17  0.120789205285192E-15
-0.108307578395391E-17  0.115495896633682E-15
 0.135714429478797E-18 -0.587402004720494E-16
 0.499273108274796E-18  0.144703363648701E-15
-0.225718592439785E-18  0.205488691671081E-16
-0.600928654289001E-18 -0.262927240731217E-16
 0.124856562589252E-17  0.471720419687775E-16
-0.137891259051546E-17  0.106076567246185E-15
 0.114379919374201E-17  0.401407602622542E-16
-0.805732570492726E-18  0.101308446318932E-15
 0.492652030151291E-18 -0.221479854806436E-16
-0.264209786444507E-18  0.758808282622686E-16
 0.199599008631170E-18  0.587776039249879E-16
-0.311172918237612E-18 -0.450358947725639E-16
 0.457370184468435E-18  0.948289044207396E-16
-0.446890095936755E-18  0.717130518625503E-16
 0.216125425846119E-18 -0.405300599962528E-16
 0.136727543011776E-18  0.183438347830715E-16
-0.454401517075790E-18  0.101301190704189E-16
 0.613755365457801E-18  0.134452712368915E-15
-0.563068124589189E-18 -0.141665887369825E-15
 0.339806277864549E-18  0.196387067881205E-15
-0.538296943781572E-19 -0.871256873590273E-16
-0.190707651943056E-18 -0.102712517993521E-16
 0.370909613039164E-18  0.348327509568979E-16
-0.528056657762708E-18  0.595353257679145E-16
 0.679898831826771E-18 -0.843112111150799E-17
-0.776210081386587E-18  0.215111205154753E-16
 0.749911308034716E-18  0.265416644920599E-16
-0.594151512244950E-18  0.516330224627826E-16
 0.375645889378220E-18 -0.303251509771596E-16
-0.180000420379840E-18  0.161807707161351E-16
 0.541143736300961E-19  0.237339583078359E-17
 0.502756371428514E-20  0.604170701088037E-16
-0.220761934462718E-19 -0.775208594104428E-16
 0.194040363500194E-19  0.645096752295853E-16
-0.774421712216195E-20 -0.319069002201442E-16
-0.935774616303273E-12 -0.940203094189351E-05
 0.340262151922580E-13  0.114222692076203E-04
-0.511292439841587E-14 -0.386286059279135E-06
 0.144088252516396E-14 -0.107007413010027E-05
 0.150267122547782E-15 -0.651137021217834E-06
-0.121492917905956E-15  0.503487524729255E-06
-0.121724377868792E-15  0.132272205586845E-06
 0.434611080781325E-15 -0.346061006836154E-06
-0.457326246868940E-15  0.269595008613946E-06
 0.181393289177157E-15 -0.145434181920329E-06
 0.193401169695123E-16  0.632588910855051E-07
-0.582214705750871E-16 -0.235809441807881E-07
 0.692639338801189E-16  0.776381328277038E-08
 0.130873860906913E-16 -0.229089857561710E-08
-0.394180629621360E-16  0.607779307852001E-09
-0.405926528793144E-16 -0.143502987270261E-09
-0.104721183351558E-16  0.290772519961874E-10
 0.163617703101132E-16 -0.447805497634728E-11
 0.151389112237188E-16  0.206684444714441E-12
 0.183163986314243E-16  0.208661102081856E-12
-0.259716958033298E-16 -0.118500596158718E-12
 0.578889691602522E-16  0.451366088958166E-13
-0.623288036467064E-16 -0.146790377507669E-13
 0.202685902213084E-16  0.501812162629948E-14
 0.132534335138337E-16 -0.169943245703439E-14
-0.309274610788445E-16  0.490045432389598E-15
-0.386243933859063E-17 -0.267583822556721E-15
 0.181557037909377E-16  0.341452348276907E-16
 0.233264312708709E-16  0.326455100550178E-16
-0.354682064937206E-16 -0.577624059863821E-15
 0.123170268945998E-16  0.926559706001704E-15
 0.159150295705419E-16 -0.525984180073761E-15
-0.318605515631973E-16  0.150454491953841E-16
 0.382707392232878E-16  0.366974112722169E-16
-0.465028203310628E-16  0.204116808489259E-15
 0.315669911069904E-16 -0.196834072148326E-15
-0.645179564208593E-17  0.195496130668579E-15
-0.373551242713656E-17  0.327102948405929E-17
 0.130039665616845E-16 -0.100739229838620E-15
-0.149894155884313E-16 -0.198012996427116E-15
 0.633365765654123E-18  0.333058933366442E-15
 0.147192622567490E-16 -0.150447543636696E-15
-0.135302207686838E-16  0.224189424696377E-15
 0.302724227788883E-18 -0.164818436968710E-15
-0.123005581904929E-17 -0.460570459300382E-16
 0.102587701875381E-16  0.403209454286769E-16
-0.679287751510597E-17 -0.120255299077277E-15
 0.927378265199133E-17 -0.100682359517146E-15
-0.252297134101534E-16  0.172141466931642E-15
 0.321026229069423E-16 -0.866392216136042E-16
-0.240060298850644E-16  0.664293000422474E-16
 0.954411872713701E-17 -0.292528459779883E-15
-0.127571136618120E-17  0.251595334523468E-15
 0.453159407888969E-17 -0.631949278942140E-16
-0.361246246520687E-17  0.541359667716109E-16
-0.163433684906000E-17 -0.360833818686290E-16
-0.707005851036507E-17 -0.773154468896984E-17
 0.213321240797857E-16 -0.596130174661776E-16
-0.228711092333139E-16  0.161389687302894E-16
 0.118590984679957E-16  0.496941690096012E-16
 0.765868492246582E-17 -0.131381139705189E-15
-0.257749435962881E-16  0.123257091198118E-15
 0.280560045258539E-16 -0.351473641397987E-16
-0.185584638223516E-16 -0.766465555591635E-19
 0.101814288838644E-16 -0.125628313611842E-15
-0.286749075407112E-17  0.533853036744414E-16
-0.553601357019505E-17 -0.117608539492789E-18
 0.853399505327654E-17  0.438532911944091E-16
-0.366107769155390E-17  0.451972545490158E-16
-0.761739508060605E-18 -0.172876370583781E-15
-0.130365895424582E-17  0.745168235621906E-16
 0.439683714398031E-17 -0.221074441180515E-16
-0.180940823532441E-17 -0.322031007761999E-16
-0.359046761710849E-17  0.356319033815751E-16
 0.560292105797266E-17 -0.881913499324436E-18
-0.432753346317835E-17  0.379024628778352E-16
 0.385951943977070E-17 -0.724301976012990E-16
-0.556562467887768E-17 -0.373314385942939E-16
 0.712793568373093E-17 -0.276376593649483E-17
-0.595673453523576E-17  0.433516938340406E-16
 0.242867396292329E-17 -0.350885631787748E-16
 0.251720070638078E-18  0.197621902124779E-16
-0.153890528370536E-18  0.712575069556051E-17
-0.764165357740478E-18 -0.546381365409632E-16
 0.160227494365594E-18  0.102104081158055E-16
 0.680018279541187E-18  0.359997555630611E-16
 0.621068985536391E-18 -0.309936055563310E-16
-0.312673680975607E-17 -0.689385110713963E-16
 0.415865523583715E-17  0.151586852581589E-16
-0.350118314638709E-17 -0.112086662226467E-16
 0.291468014608977E-17  0.279242360881673E-16
-0.287845715788496E-17 -0.811565262385374E-17
 0.239862771145083E-17  0.105430455642539E-17
-0.117133484375501E-17 -0.561650838275953E-16
 0.126479967309264E-18  0.332776629858267E-16
-0.161363368981370E-18  0.776721602570558E-17
 0.121688701222694E-17  0.293615153420373E-16
-0.243880715583434E-17 -0.593165542802774E-16
 0.292924694824187E-17  0.100245972113187E-15
-0.242628781193273E-17 -0.323371553206315E-16
 0.134490118465636E-17 -0.925474732896888E-16
-0.272317187708724E-18 -0.165834939371142E-16
-0.414239474603018E-18  0.509635636863475E-16
 0.582722227702626E-18 -0.489448608342751E-16
-0.333783408759321E-18  0.192607252010074E-16
-0.308000115785120E-19 -0.796602524633800E-16
 0.229945356125640E-18  0.996218122286373E-16
-0.215480456357836E-18 -0.251210988360567E-16
 0.948188263805873E-19 -0.164468006865286E-16
 0.621925249447656E-19 -0.482781780759757E-16
-0.232231657007129E-18  0.582374723557836E-16
 0.348820657647762E-18 -0.606993090968904E-16
-0.338040832248168E-18 -0.324557755020134E-16
 0.209220269950106E-18  0.812269176543045E-16
-0.165694374708548E-19 -0.545009089317019E-16
-0.238817329693230E-18  0.334070447869780E-16
 0.575844248580231E-18  0.252341702898897E-17
-0.906652652585071E-18  0.214459519180959E-16
 0.103177582079417E-17  0.422403832985205E-17
-0.810302225973083E-18  0.315604095643871E-16
 0.312045968902642E-18 -0.222307866735505E-16
 0.223255359692704E-18  0.758660428224095E-16
-0.568379357605248E-18 -0.102566624012982E-16
 0.648640169522529E-18 -0.327909821734444E-16
-0.538042277476328E-18 -0.550879126903165E-17
 0.358764023054326E-18  0.490440538517906E-16
-0.205559860083842E-18  0.226301767702513E-16
 0.721340722064851E-19 -0.401194103170539E-16
