-0.236775340473819E+00  0.000000000000000E+00
-0.474258497588219E+00 -0.363329359312024E-12
-0.341547365220127E+00 -0.730182416281351E-11
 0.378727653349114E-01 -0.281817238608207E-11
 0.256323441077903E+00  0.585792634855659E-11
-0.614533247824863E-01  0.132488002645349E-12
-0.149742913720709E+00 -0.316857923645917E-11
 0.180289967782588E+00  0.267662714225027E-12
-0.115020311450961E+00  0.363383788946231E-11
 0.499120812673821E-01 -0.501990181141585E-11
-0.142667829066332E-01  0.407699021581992E-11
 0.108145085034850E-02 -0.235400436172602E-11
 0.178382977975549E-02  0.942487463668158E-12
-0.150179173462932E-02 -0.168516890857850E-12
 0.810269942303249E-03 -0.109923314214025E-12
-0.356972953145141E-03  0.155728228248587E-12
 0.138052286913171E-03 -0.134979039101829E-12
-0.484605025009711E-04  0.100522613219752E-12
 0.157382044438778E-04 -0.660497947251735E-13
-0.478723428725865E-05  0.332998503670461E-13
 0.137559395349412E-05  0.120727009100397E-15
-0.375729381904721E-06 -0.300569732698958E-13
 0.979987412210786E-07  0.515156617396009E-13
-0.244803787456727E-07 -0.612164443648818E-13
 0.585923329854486E-08  0.576087590462976E-13
-0.133509027720139E-08 -0.447890658323361E-13
 0.280753665130695E-09  0.292361265225970E-13
-0.465789536431393E-10 -0.152279102079954E-13
-0.128985054412774E-11  0.546919007957348E-14
 0.834974847717435E-11 -0.850884514002866E-15
-0.702041314545624E-11  0.684060926294717E-15
 0.462417069827992E-11 -0.312448329848235E-14
-0.261203639859276E-11  0.518661652971470E-14
 0.946102641193155E-12 -0.504148086572060E-14
 0.550997238791987E-12  0.351952426068027E-14
-0.175011377110503E-11 -0.235519105885217E-14
 0.272438413823761E-11  0.812693098701498E-15
-0.373837124094236E-11  0.220866956427490E-14
 0.473969148631679E-11 -0.422603365605230E-14
-0.556893674608596E-11  0.389280873820046E-14
 0.619952465996393E-11 -0.325276196028799E-14
-0.672928289795752E-11  0.261042883608376E-14
 0.719605807901526E-11 -0.155813802542452E-14
-0.752204614772706E-11  0.972972433312083E-15
 0.765261004702926E-11 -0.714820269899606E-15
-0.763304858635376E-11  0.682105561852131E-15
 0.756774468274024E-11 -0.104919034712163E-14
-0.754617595836614E-11  0.133350532292125E-14
 0.757923464380041E-11 -0.171358695878743E-14
-0.751479758372601E-11  0.212067937835094E-14
 0.729733747793076E-11 -0.184642728839644E-14
-0.707219932176601E-11  0.124187926812924E-14
 0.693792089195487E-11 -0.850119079484386E-15
-0.683590492580129E-11  0.490758836496055E-15
 0.662790801283258E-11 -0.265848754718312E-15
-0.626081132480795E-11  0.169343191719164E-15
 0.584126862671777E-11 -0.136221597237960E-16
-0.553987678489562E-11  0.616029338602277E-16
 0.538530361415503E-11 -0.158420537902600E-15
-0.525752708977470E-11 -0.526744585076621E-16
 0.510534705238362E-11  0.246376370283827E-15
-0.492038618516409E-11 -0.903110311819767E-16
 0.471293237323050E-11 -0.135758953226828E-15
-0.449810053009658E-11  0.161186801000167E-15
 0.422653204117088E-11 -0.983366496345955E-16
-0.393596119308694E-11  0.210938873056769E-16
 0.363614573441178E-11 -0.918676693001469E-16
-0.327271599289128E-11  0.349524599155742E-15
 0.292321975945433E-11 -0.406136033872728E-15
-0.264503440080328E-11  0.225885929711904E-15
 0.242400967319082E-11 -0.829842535437283E-16
-0.223748194747818E-11  0.364131679965845E-16
 0.203919723433308E-11 -0.102534488263463E-15
-0.182737968560901E-11  0.195399727670375E-15
 0.165841162303830E-11 -0.225009592809502E-15
-0.154565954995953E-11  0.250111859960636E-15
 0.142671279220243E-11 -0.286903379735392E-15
-0.127039083618677E-11  0.321095789516533E-15
 0.111357905306476E-11 -0.343687824099923E-15
-0.987099474818396E-12  0.323376192178921E-15
 0.891169193216033E-12 -0.172368682680803E-15
-0.821549505355590E-12 -0.110490759236180E-15
 0.784842243738706E-12  0.376411106174737E-15
-0.783369754020051E-12 -0.544307110874724E-15
 0.787544545841114E-12  0.549125562088406E-15
-0.783936156534490E-12 -0.441864559941394E-15
 0.786839087396797E-12  0.362181957646769E-15
-0.788483263242619E-12 -0.192507261865510E-15
 0.786536133086402E-12 -0.736177700173780E-16
-0.793693920000705E-12  0.194039798713901E-15
 0.791807607683604E-12 -0.184334583505617E-15
-0.772997220947676E-12  0.155097028740002E-15
 0.754522676774966E-12 -0.920670576869508E-16
-0.762109526000276E-12  0.667258393721631E-16
 0.806924962480300E-12 -0.802779815425660E-16
-0.856511090442319E-12  0.628543476383763E-16
 0.874564945840128E-12 -0.956807872904220E-16
-0.882892879531882E-12  0.153476620049362E-15
 0.907304502845054E-12 -0.109582529571792E-15
-0.950671410525719E-12  0.527719181535977E-16
 0.100479743038098E-11 -0.828028804142234E-16
-0.106112738491840E-11  0.120629831469499E-15
 0.112417404867672E-11 -0.122345694515278E-15
-0.118820393345218E-11  0.123950090323236E-15
 0.124119810140569E-11 -0.967435271169066E-16
-0.128698416730810E-11  0.228954666794588E-16
 0.133382801644688E-11  0.128373039950831E-16
-0.137840235459542E-11  0.687479264916548E-17
 0.141996001221747E-11 -0.169794126784947E-16
-0.148251334790030E-11  0.363518066353546E-16
 0.156098591437112E-11 -0.764344587680225E-16
-0.163453562511710E-11  0.738649916118035E-16
 0.170369243163204E-11 -0.190933114933003E-16
-0.175446100227731E-11 -0.373121564578713E-16
 0.177653279019272E-11  0.639050359963988E-16
-0.179444109586106E-11 -0.662085264363174E-16
 0.181052961461914E-11  0.223491393523802E-16
-0.181560921520204E-11  0.875834450408732E-16
 0.182005369509222E-11 -0.158826381113832E-15
-0.182296491926901E-11  0.816256689307170E-16
 0.180410893357150E-11  0.983813977202434E-16
-0.177914001728876E-11 -0.235010945087496E-15
 0.176678631698748E-11  0.232910694180642E-15
-0.174961346888947E-11 -0.161430305075527E-15
 0.172618306963799E-11  0.100161689265234E-15
-0.171317286427732E-11 -0.267415394703269E-16
 0.170183095652621E-11 -0.351964694945624E-16
-0.843723603821404E-12  0.260203956249798E-16
-0.219485865918945E+00 -0.102656256244231E-11
-0.440224387682325E+00 -0.262798273850924E-11
-0.320063470459284E+00 -0.538256285866820E-11
 0.289329890129733E-01 -0.818583119353441E-12
 0.238075528493478E+00  0.583627388752561E-11
-0.480653743323130E-01  0.321083850253194E-12
-0.142880505723879E+00 -0.446067124080892E-11
 0.160464491296594E+00  0.118225267418294E-11
-0.943729107577578E-01  0.390534678911105E-11
 0.348867059951658E-01 -0.597533827647907E-11
-0.550185357543064E-02  0.493732545797898E-11
-0.326639569764341E-02 -0.271295158763399E-11
 0.367877333229315E-02  0.826183044209306E-12
-0.224240452520099E-02  0.135814174592100E-12
 0.107336956743295E-02 -0.364996864513393E-12
-0.442683461899041E-03  0.335177502542325E-12
 0.163791496191630E-03 -0.299062765758018E-12
-0.555976431196476E-04  0.267040800206664E-12
 0.175605580877446E-04 -0.209740390473034E-12
-0.521154223028786E-05  0.110920958300297E-12
 0.146352414662300E-05  0.143119455232567E-13
-0.390932542544595E-06 -0.121818090831135E-12
 0.996975883576078E-07  0.201255351693676E-12
-0.243201991827838E-07 -0.254668041484361E-12
 0.566357310128704E-08  0.256071521750148E-12
-0.124199572913810E-08 -0.195248633005551E-12
 0.241258673341183E-09  0.107546438897501E-12
-0.280298767306946E-10 -0.378499354684234E-13
-0.117815705326604E-10 -0.210382738372382E-14
 0.148464923492968E-10  0.177220501937210E-13
-0.106884631655754E-10 -0.620941881460254E-14
 0.627447596316042E-11 -0.214730316946292E-13
-0.285919320048094E-11  0.416333907698921E-13
-0.666905917070252E-13 -0.424752158687009E-13
 0.282662548553169E-11  0.295609986027472E-13
-0.502895110208996E-11 -0.178409416180411E-13
 0.671552909659583E-11  0.656445075805742E-14
-0.840672592364659E-11  0.152518832881923E-13
 0.100946195519607E-10 -0.370405720560369E-13
-0.115150722112012E-10  0.418396056651661E-13
 0.125739983232765E-10 -0.333406157097021E-13
-0.135122937817767E-10  0.221719125960341E-13
 0.144446596684506E-10 -0.126851092033724E-13
-0.151185077041321E-10  0.504947507249962E-14
 0.153591653829405E-10  0.288869074357614E-14
-0.152815164234982E-10 -0.548486637016488E-14
 0.151126331052735E-10 -0.372859951948499E-14
-0.150579429829722E-10  0.168195144697355E-13
 0.151593136159983E-10 -0.255067294891383E-13
-0.150918050756497E-10  0.293627437256646E-13
 0.146846471715353E-10 -0.273766154219425E-13
-0.141852217247164E-10  0.221022771018135E-13
 0.138546629013674E-10 -0.176432252468100E-13
-0.136141056249212E-10  0.114644392494953E-13
 0.131940739182133E-10 -0.480943069463518E-14
-0.125296120080127E-10  0.404965119567867E-14
 0.117624315985152E-10 -0.690533714606327E-14
-0.111618666504033E-10  0.720215894321240E-14
 0.108280918215187E-10 -0.483567091293184E-14
-0.105390331798236E-10  0.207090153803396E-14
 0.102272305348539E-10  0.993774657106180E-16
-0.989232085593822E-11 -0.107061500884930E-14
 0.951823817892487E-11  0.119907087080697E-14
-0.910945959537411E-11 -0.189702430241988E-14
 0.857323405499923E-11  0.356137987402486E-14
-0.801326838183676E-11 -0.376030097042775E-14
 0.744769675639993E-11 -0.686548897017055E-15
-0.673661571516116E-11  0.710788683029730E-14
 0.604541880346118E-11 -0.869100407241681E-14
-0.551671249637300E-11  0.487174308305873E-14
 0.510439613692682E-11 -0.818462441449489E-15
-0.474803565834482E-11 -0.769697301513470E-15
 0.433597286771405E-11  0.945802374294598E-15
-0.385584824070507E-11 -0.131542916926230E-14
 0.349239282991397E-11  0.117304526300539E-14
-0.329741542977941E-11  0.133092193101205E-14
 0.309313897124970E-11 -0.511824617100825E-14
-0.278767569216967E-11  0.698661226460434E-14
 0.248928537620224E-11 -0.618328147811122E-14
-0.225663193294493E-11  0.478695538547392E-14
 0.205032412799500E-11 -0.347548180432048E-14
-0.188987408770565E-11  0.962184143318605E-15
 0.181977680285900E-11  0.320602964454763E-14
-0.183464021138618E-11 -0.842952587157697E-14
 0.187274303205940E-11  0.124458254438255E-13
-0.188350377897450E-11 -0.120479690197405E-13
 0.186384092635086E-11  0.722771481667029E-14
-0.182056722948112E-11 -0.107504123833629E-14
 0.179211400911483E-11 -0.409470929464598E-14
-0.179668616860908E-11  0.735511111021614E-14
 0.178324516620483E-11 -0.803134650318600E-14
-0.173884763194991E-11  0.660311542650856E-14
 0.170083858755159E-11 -0.504358450992196E-14
-0.172104175940856E-11  0.420923378981654E-14
 0.181623027424125E-11 -0.293772390841110E-14
-0.191151037803183E-11  0.134955926891733E-14
 0.193592032394680E-11 -0.137413564937412E-14
-0.192684086170196E-11  0.289793090024228E-14
 0.194398493907687E-11 -0.396547158033058E-14
-0.202024765969060E-11  0.438785538351186E-14
 0.213526940151123E-11 -0.500649891521564E-14
-0.224862776685054E-11  0.510120453822435E-14
 0.236691448004323E-11 -0.390051364303887E-14
-0.248890776747175E-11  0.239642563156380E-14
 0.258030520057085E-11 -0.101510737709715E-14
-0.265057679200652E-11 -0.101702620333551E-14
 0.274464883809803E-11  0.253431987490268E-14
-0.283971207469979E-11 -0.163683297793721E-14
 0.291124797339336E-11 -0.524387281719848E-15
-0.302471154140925E-11  0.195763286987142E-14
 0.317505430919457E-11 -0.300443299639259E-14
-0.331183770777622E-11  0.378801637619941E-14
 0.344117848988793E-11 -0.259593986428657E-14
-0.353539091964670E-11 -0.309574035023797E-15
 0.356885299689879E-11  0.161393404733303E-14
-0.359653803963754E-11 -0.102442953051077E-15
 0.362554711097591E-11 -0.171648023560645E-14
-0.363685681109660E-11  0.220942745158010E-14
 0.364943100873334E-11 -0.213483315157768E-14
-0.365592997885088E-11  0.169292852533013E-14
 0.361090259134637E-11  0.228201804169168E-16
-0.355239789223212E-11 -0.258979574201898E-14
 0.352534438749812E-11  0.413118318089792E-14
-0.348823463006544E-11 -0.388085158649275E-14
 0.343016186775950E-11  0.270530741180017E-14
-0.338444689673372E-11 -0.166345747028611E-14
 0.333800378272206E-11  0.126994417573678E-14
-0.164900254224654E-11 -0.626129304732784E-15
 0.509632978469888E-13  0.644257961238505E-03
 0.781172942491399E-13  0.121055305689634E-02
-0.178263281179613E-13  0.645443696519890E-03
-0.442876322904565E-14 -0.108396968426196E-03
 0.687194827199527E-14 -0.336012981866432E-03
 0.774481900498891E-15  0.532013175149215E-04
-0.255429844744918E-14  0.120309970950470E-03
 0.448433903225964E-15 -0.116287840116952E-03
 0.120648864837156E-14  0.623898989937093E-04
-0.152229527225869E-14 -0.237075959707073E-04
 0.133872759845580E-14  0.639080885491319E-05
-0.919098267406270E-15 -0.843444847062521E-06
 0.399161932114106E-15 -0.306711493854418E-06
-0.117490474230610E-15  0.304982886736039E-06
 0.864403878200762E-16 -0.157782077404915E-06
-0.448469720101926E-16  0.646547980077686E-07
 0.298628871214315E-17 -0.230949337036666E-07
-0.533547792944020E-16  0.748348204851920E-08
 0.108184232737379E-15 -0.224707132793567E-08
-0.822966741651381E-16  0.633526694687131E-09
-0.870855449481598E-17 -0.169199243715105E-09
 0.339276973235337E-16  0.430794369992768E-10
 0.525990980495814E-17 -0.105042211403140E-10
-0.406836815651674E-16  0.245906837457875E-11
 0.691328288991239E-16 -0.553149108951645E-12
-0.582170903034932E-16  0.119924960488139E-12
 0.396232648730241E-16 -0.252642748277391E-13
-0.271751936570258E-16  0.460527051110732E-14
-0.945742314886478E-17 -0.186031259353193E-15
 0.176886953846502E-16 -0.303179293440301E-15
 0.667608694510273E-17  0.212586218524702E-15
-0.460566824746608E-17 -0.525205510217863E-15
-0.309799886782215E-17  0.322767230469947E-15
-0.137552967001619E-16  0.647001787632913E-16
 0.212397813062444E-16 -0.260985122913146E-15
-0.547831581844173E-17 -0.310056953296036E-15
 0.856700307353241E-19 -0.255804391190710E-16
-0.120045936199709E-16 -0.212778674140030E-15
 0.131257440266242E-16  0.901004334009485E-16
-0.225807537598966E-17 -0.151978323432051E-15
-0.520315433785470E-17 -0.248170047215976E-15
 0.104946516274046E-16  0.824529036502628E-16
-0.700671945704676E-17 -0.248468976253132E-15
-0.594927192056260E-17  0.200630151889565E-15
 0.741433852810384E-17 -0.464655352887731E-15
-0.269218795583745E-17  0.173423737566427E-15
 0.114182789760652E-16 -0.370688242064536E-15
-0.199894586713908E-16  0.255738586969653E-16
 0.129800414492736E-16 -0.149910533007018E-16
-0.111294545305443E-17 -0.141563041193145E-15
-0.389408895737612E-17 -0.373927255691007E-17
 0.151058388566883E-17 -0.254538971465774E-15
 0.297268076373983E-17  0.588156189875164E-16
-0.388679313999547E-17 -0.252794691268450E-15
 0.145156431308264E-17  0.472696594851071E-16
 0.245201674378311E-18 -0.280638432252785E-15
 0.161008157476180E-17 -0.423343528255641E-18
-0.636141878781320E-17 -0.512530040636107E-16
 0.103424126398179E-16 -0.294674973610661E-15
-0.125071938622313E-16  0.351322404127959E-15
 0.141277330669350E-16 -0.460046678397088E-15
-0.126704644839229E-16  0.162907360809185E-16
 0.670380743706065E-17 -0.711263089501720E-16
-0.129651745748869E-17 -0.825717122866527E-16
 0.852328891843109E-19 -0.223932747243580E-15
-0.125507998568355E-17 -0.135078137387437E-15
 0.366481320950903E-17  0.976986387691421E-16
-0.734132071341994E-17 -0.776468152169050E-17
 0.954099179544646E-17 -0.910465093196789E-16
-0.748097050786285E-17 -0.154561797117777E-15
 0.277217342165583E-17 -0.892435005687151E-17
 0.747949545482223E-18 -0.123810146976486E-15
-0.166898396382098E-17  0.444316883843193E-16
 0.128458864376973E-17 -0.225131216504543E-15
-0.936630920506406E-18 -0.256842233314906E-17
 0.105628533156934E-17 -0.801494802327231E-16
-0.150902555118885E-17 -0.263647285363197E-16
 0.146696561268204E-17 -0.821394271944693E-16
-0.207514801052717E-18 -0.361442115418040E-16
-0.153302324390940E-17 -0.126780170880166E-16
 0.236280532440076E-17 -0.104315580175067E-15
-0.197356674747769E-17  0.352683845828296E-16
 0.963028309372684E-18  0.615147188130046E-16
 0.934861807313038E-19 -0.749663351462260E-16
-0.699925328458683E-18  0.429548310843039E-17
 0.719504084460239E-18  0.107920331971104E-18
-0.858373957428372E-18  0.354325771846921E-16
 0.186678881606303E-17 -0.569396749495963E-16
-0.333817667024950E-17 -0.315443458170577E-16
 0.405749497065903E-17  0.491508360090883E-16
-0.332662549687360E-17 -0.355995448838056E-16
 0.153035659109907E-17 -0.384650062530394E-16
 0.272655135332372E-18  0.143065786076552E-15
-0.110088635384243E-17 -0.525408157454433E-16
 0.757564531841067E-18  0.537949080493777E-16
 0.454671320395002E-19 -0.625293727268768E-16
-0.447697492492815E-18  0.958041613650880E-16
 0.253608483778920E-18 -0.881290300853172E-16
 0.182762281313293E-18  0.880095904587539E-16
-0.628343036379458E-18 -0.152330360934814E-17
 0.114790096716356E-17  0.876468052124997E-16
-0.172110071074933E-17  0.655779813155275E-16
 0.207512051830736E-17 -0.802902369127482E-16
-0.198177293345929E-17  0.109861972943786E-15
 0.150968443350156E-17  0.282374689974315E-16
-0.902035271018748E-18 -0.903960463921975E-16
 0.331158893865348E-18  0.192524893129381E-15
 0.160719317371296E-18 -0.577265955201292E-16
-0.571307114952792E-18 -0.610818506893519E-16
 0.883193584846508E-18  0.134614810975981E-15
-0.108556243554303E-17 -0.841126251705281E-16
 0.119192495674706E-17 -0.152288896713308E-16
-0.121418424924117E-17  0.460939576047154E-16
 0.113853500588576E-17 -0.158847076772406E-16
-0.950227780326607E-18 -0.824316839536972E-16
 0.682408241398563E-18 -0.131581642640811E-16
-0.420921347918749E-18  0.915870046383263E-17
 0.245417554293887E-18  0.134131861213450E-16
-0.169512944317532E-18 -0.993858004003353E-16
 0.148786248912049E-18 -0.453156905017657E-17
-0.142879144106348E-18 -0.113067128469970E-16
 0.155239274602132E-18 -0.344164006041800E-16
-0.209970360510854E-18 -0.524656328165078E-16
 0.304732535939646E-18  0.744173955074433E-16
-0.399685204469380E-18 -0.107204511448398E-15
 0.446287944387007E-18 -0.230316222443688E-16
-0.432767218451862E-18 -0.176220698836053E-16
 0.205941996355596E-18 -0.131552838810360E-15
 0.105013026924930E-11  0.465907242640229E-05
-0.301058538472597E-13 -0.560465913220030E-05
 0.306820995059325E-14  0.157811803698487E-07
-0.150604240350446E-14  0.507828096492985E-06
 0.872421278443537E-15  0.399815372890256E-06
-0.125553841009029E-14 -0.225365969543888E-06
 0.764470638062247E-15 -0.121720246756341E-06
 0.131376325901617E-15  0.197127109344811E-06
-0.199113604001955E-15 -0.130768634655491E-06
 0.161700813752326E-15  0.603437533514222E-07
-0.158546089941438E-15 -0.216457252692314E-07
 0.358245490150879E-17  0.613936478535478E-08
 0.771782440676124E-16 -0.126827244104399E-08
-0.222124784716785E-16  0.960546339473965E-10
-0.869940777953315E-16  0.738111610495846E-10
 0.551826199059116E-16 -0.525177190590249E-10
 0.130209988394788E-16  0.233199914046468E-10
-0.231649735440974E-16 -0.853494785008490E-11
 0.267422579728891E-16  0.277618153988336E-11
 0.409601642592367E-17 -0.830020888625007E-12
-0.392050809324678E-16  0.233028107030837E-12
 0.364766242978139E-16 -0.613092185602437E-13
-0.780532694642432E-17  0.154895651118976E-13
-0.571681968575253E-17 -0.442330804430963E-14
 0.508309380033607E-17  0.707065985982070E-15
 0.803143622292703E-17  0.241829573106639E-15
-0.164718559810118E-16 -0.446721453758969E-15
-0.979943663368141E-17  0.638212603479632E-15
-0.208577639363444E-17 -0.796536584897295E-16
 0.634803854618989E-16 -0.654216757176314E-16
-0.536980040016227E-16  0.346069999260472E-16
-0.819797880096304E-17  0.258671387690838E-15
 0.575384538327788E-17  0.173545476826179E-15
 0.221593183940512E-16 -0.693369702590358E-15
-0.100080582126920E-16  0.947381373234375E-16
 0.124589975825558E-17  0.171265395550490E-15
-0.139954123598760E-16 -0.295233551158891E-15
 0.135284777296659E-16 -0.256415295480094E-16
 0.142242738584574E-17  0.161815943450409E-15
-0.790791929909372E-17 -0.859504157030270E-16
 0.668336755187271E-17 -0.208997918565873E-16
-0.606323195871649E-17  0.148951705656474E-15
-0.521232788124063E-17 -0.184746210076559E-15
 0.247382239905857E-16  0.170921939897949E-15
-0.265129078027810E-16 -0.751154974950798E-16
 0.992083231654662E-17  0.125164809211151E-15
-0.451228576206934E-18 -0.539878225496130E-16
 0.594258858032183E-17 -0.226935396711276E-15
-0.131719530758005E-16  0.263981394714922E-15
 0.879313883061219E-17 -0.211064254070682E-15
 0.616584583136663E-17  0.471650223848524E-16
-0.135086721979380E-16 -0.383258218252545E-16
 0.429791719313038E-17 -0.329660161243013E-16
 0.653218541161296E-17 -0.929402424259716E-17
-0.636145895016547E-17 -0.812420699746146E-16
-0.253676594231780E-17 -0.818933480191194E-16
 0.122947747593847E-16  0.157493095785599E-15
-0.154798868039912E-16 -0.672235931556421E-16
 0.143320388955581E-16  0.133849828655394E-15
-0.138259169952342E-16  0.121400908760295E-16
 0.895307079092166E-17 -0.133330892620034E-15
-0.802687352704909E-18  0.208270877859993E-16
-0.816854345730325E-18 -0.592986634880765E-16
-0.540363249334402E-18 -0.657829593741954E-16
-0.282719194741723E-17  0.114954449330315E-16
 0.465503823349834E-17  0.776240021895339E-17
-0.365257933026107E-18 -0.362650440694331E-17
-0.283776083679995E-17  0.746740688518028E-16
 0.138784712323371E-17 -0.379678500576915E-16
 0.654179837993499E-19 -0.500866280565518E-16
 0.189395629377625E-18  0.632195123741033E-16
 0.355541538376334E-18 -0.353662682348278E-16
-0.104692139087178E-17 -0.687875057221325E-16
-0.561129470219083E-18  0.812683176303724E-17
 0.283306659687827E-17 -0.281187189680804E-16
-0.294032484954091E-17 -0.742978353661577E-16
 0.169972356781609E-17  0.325594961572353E-16
-0.700139291147949E-18  0.444784846023602E-16
-0.278440593275105E-18  0.183595139786577E-16
 0.961448184591642E-18 -0.593636319335971E-16
-0.555547442473047E-18  0.215957789485772E-16
-0.456561175013354E-18  0.434432302351618E-16
 0.145682155399865E-17  0.169390239709065E-19
-0.237643288830629E-17 -0.647322474958149E-16
 0.239594220401064E-17  0.585263488931371E-16
-0.899981075562185E-18  0.223206752468809E-16
-0.689422746658653E-18 -0.875041242017927E-16
 0.571535721528656E-18  0.464838948429346E-16
 0.845833246287091E-18 -0.750812407858256E-16
-0.164892289865362E-17  0.148987424323451E-16
 0.731921680798644E-18  0.254922205199997E-16
 0.138082715707011E-17 -0.135618204010039E-16
-0.314891075653551E-17 -0.497317058777251E-16
 0.320548884423251E-17  0.309954286300893E-16
-0.161865212834903E-17  0.109428714558905E-17
-0.902872939384707E-19 -0.329893970563993E-16
 0.591511332807517E-18 -0.177288180877237E-16
-0.185689692375920E-19 -0.499565893318225E-17
-0.715939430960852E-18  0.184507886934373E-16
 0.120165073373924E-17 -0.334898052800138E-16
-0.159594028022338E-17 -0.413427540654912E-16
 0.196979462227506E-17 -0.481932613428029E-17
-0.221545056939818E-17  0.625434111047048E-18
 0.233286388946501E-17 -0.228523451720091E-16
-0.234496477283967E-17  0.456852057557227E-16
 0.208403983165378E-17 -0.257350764245341E-16
-0.139331885646918E-17  0.193371134306462E-17
 0.450319176508677E-18  0.161266261421873E-16
 0.348090622298940E-18 -0.311057874355763E-16
-0.789062083180742E-18 -0.448737008620124E-16
 0.986994359494987E-18  0.436481652206611E-16
-0.114798141725951E-17 -0.242377202253841E-16
 0.130497947590665E-17  0.111377919466595E-16
-0.131154537918391E-17 -0.169455150187319E-16
 0.104925930766990E-17  0.674314666421064E-16
-0.604124827338641E-18 -0.578477201959952E-16
 0.221411981331975E-18 -0.205966665935765E-16
-0.811596692479990E-19  0.687956365068883E-17
 0.134969401479244E-18 -0.537958119057556E-16
-0.182227297705346E-18  0.269466234723748E-16
 0.912900242533808E-19 -0.347623024075074E-16
 0.840870826402377E-19  0.640878618820653E-16
-0.197492329502823E-18 -0.206007912812334E-16
 0.173611921683177E-18  0.519672089426373E-17
-0.608303543053772E-19 -0.208560930874359E-16
-0.448321248701345E-19  0.713364534416210E-16
 0.936715532546216E-19 -0.340109799585325E-16
-0.511912535447047E-19  0.745260651624596E-17
