-0.236512516699116E+00  0.000000000000000E+00
-0.474032307011451E+00 -0.182732867776625E-11
-0.342313434381959E+00  0.160455968617829E-11
 0.365059476326821E-01  0.651866369823852E-12
 0.256746156464419E+00 -0.189016104935686E-11
-0.597576410845725E-01 -0.703192877173991E-12
-0.150968631023330E+00  0.577906277120116E-11
 0.179704548958994E+00 -0.873299555436577E-11
-0.113339242277457E+00  0.805171400072719E-11
 0.482225687327927E-01 -0.546656079641903E-11
-0.130861592062224E-01  0.299582422925456E-11
 0.420254456762850E-03 -0.143809250821583E-11
 0.209941983625772E-02  0.660370540940571E-12
-0.163464556106305E-02 -0.317887966986709E-12
 0.860678906896960E-03  0.188547682552823E-12
-0.374468973316237E-03 -0.159620839053144E-12
 0.143665475978288E-03  0.162768047628517E-12
-0.501376569223000E-04 -0.158946041214344E-12
 0.162073506656378E-04  0.137353123098237E-12
-0.491050548124281E-05 -0.104755963847519E-12
 0.140606065597539E-05  0.698529915900461E-13
-0.382800689213882E-06 -0.381972369159058E-13
 0.995253868082313E-07  0.142048333554694E-13
-0.247740125276237E-07 -0.137809665193229E-15
 0.589634935714812E-08 -0.631922898095849E-14
-0.132160106406544E-08  0.997007685209113E-14
 0.257363207259638E-09 -0.135211941775705E-13
-0.215462018904810E-10  0.170071198930092E-13
-0.258704578095368E-10 -0.180249016937694E-13
 0.321502742735810E-10  0.155655623961344E-13
-0.302792918150667E-10 -0.117919859398354E-13
 0.272413181680527E-10  0.881516663105550E-14
-0.242449634595440E-10 -0.676560379076598E-14
 0.215495004205837E-10  0.467865311813740E-14
-0.192863472229457E-10 -0.272648311818224E-14
 0.174393686759314E-10  0.164396589624749E-14
-0.158688275855630E-10 -0.126156082023753E-14
 0.143849733880475E-10  0.918723967594576E-15
-0.128087613293131E-10 -0.270076050586429E-15
 0.113343385043624E-10 -0.100056458842276E-14
-0.102000302623388E-10  0.287103124506643E-14
 0.909020771880867E-11 -0.442214646317368E-14
-0.782686660279639E-11  0.486494592295918E-14
 0.660032242420265E-11 -0.459869703328302E-14
-0.553538876265971E-11  0.426735531675649E-14
 0.469119142496919E-11 -0.380819178022212E-14
-0.400666100091406E-11  0.315360222504229E-14
 0.339809591943162E-11 -0.245707310180581E-14
-0.284189946582428E-11  0.169374131389121E-14
 0.231184425381114E-11 -0.759844276475751E-15
-0.188386423643263E-11  0.700334998147464E-16
 0.159263163950767E-11 -0.212796939461831E-16
-0.132625504437245E-11  0.215403692144987E-15
 0.102886792985569E-11 -0.281009611215397E-15
-0.733912194171540E-12  0.225047165012984E-15
 0.459809443898880E-12 -0.119675433334964E-15
-0.184087205561497E-12  0.102015528767252E-15
-0.710757524919027E-13 -0.168697614397285E-15
 0.297035981071584E-12  0.204729161095110E-15
-0.549752590599693E-12 -0.129465789995494E-15
 0.820465143540555E-12 -0.205953389218267E-16
-0.101861224476167E-11  0.772399326054428E-16
 0.115124345952645E-11 -0.569578395902893E-16
-0.129854859340536E-11  0.827012645195642E-16
 0.144113266405326E-11 -0.219525983698262E-15
-0.156783599664717E-11  0.448680724495226E-15
 0.169246342791837E-11 -0.642463789143228E-15
-0.179657571058607E-11  0.719881808115598E-15
 0.189273782460317E-11 -0.570966449596403E-15
-0.198480110919038E-11  0.304423740687859E-15
 0.204031263137243E-11 -0.218224437205565E-15
-0.207153745116827E-11  0.233089982996651E-15
 0.214030052466313E-11 -0.176243231474817E-15
-0.224805336727636E-11  0.112643729546778E-15
 0.234881733289572E-11 -0.140362500516835E-15
-0.245739468074146E-11  0.234793487965755E-15
 0.255907067044543E-11 -0.237819747814157E-15
-0.260856979248344E-11  0.622038650079445E-16
 0.259648696081006E-11  0.200988749074477E-15
-0.255802157477436E-11 -0.317094472981446E-15
 0.258078422002316E-11  0.172046688185974E-15
-0.265604632863046E-11  0.432034783764059E-16
 0.268438399969031E-11 -0.238018372129588E-15
-0.264916743153431E-11  0.394068962782912E-15
 0.259608183121149E-11 -0.376763293658168E-15
-0.259347698027779E-11  0.314536306069152E-15
 0.264427427656978E-11 -0.322820219208940E-15
-0.266149190540712E-11  0.243896599470257E-15
 0.261764248432775E-11 -0.101283025145186E-15
-0.255745823143522E-11 -0.123975761094507E-16
 0.250257708739352E-11  0.937910872040147E-16
-0.246291745728215E-11 -0.107564078966188E-15
 0.243597913636153E-11  0.135976872806420E-15
-0.242826950657716E-11 -0.184726593733948E-15
 0.242923035032220E-11  0.124171705185005E-15
-0.240888452062866E-11 -0.741600402808606E-16
 0.235816550780326E-11  0.141985487183875E-15
-0.228688196319547E-11 -0.125835227716950E-15
 0.219778298514375E-11  0.201637724350556E-16
-0.209827498329105E-11 -0.555159035521276E-16
 0.202016658809596E-11  0.145737693664012E-15
-0.199289752655792E-11 -0.121594045467263E-15
 0.198843750977730E-11  0.917244565886911E-16
-0.194329870033621E-11 -0.103474360476557E-15
 0.183082514468882E-11  0.965837964173783E-16
-0.171305959601075E-11 -0.900958006455323E-16
 0.164464199016429E-11  0.526768393895365E-16
-0.159829239914152E-11  0.641288282723702E-17
 0.155928639493274E-11  0.181798121292474E-16
-0.154081205376504E-11 -0.608859438796534E-16
 0.153809643332023E-11  0.297933765345762E-16
-0.152219206151177E-11 -0.155360971435101E-16
 0.147431753664436E-11  0.168534345497325E-16
-0.142231382340160E-11  0.346064079800108E-16
 0.139503618338684E-11 -0.538274295087242E-16
-0.137798308902116E-11  0.375342720549083E-16
 0.135372877142841E-11 -0.922561368451741E-16
-0.133541938069586E-11  0.151713735267516E-15
 0.131368373164886E-11 -0.114862639661285E-15
-0.126952772305024E-11  0.443187537700432E-16
 0.121408785131736E-11 -0.868742510305757E-17
-0.116237083321534E-11  0.663126297920431E-17
 0.112189884533887E-11 -0.367467134879232E-16
-0.110014330847691E-11  0.518401914735609E-16
 0.110574994385687E-11  0.192322649021157E-16
-0.112649201330328E-11 -0.112471313528577E-15
 0.114597160053842E-11  0.114341405000409E-15
-0.575044846774061E-12 -0.425646631259721E-16
-0.219379976806215E+00 -0.417437623492062E-12
-0.440298121824723E+00 -0.157409821837567E-11
-0.321027889926159E+00 -0.601199099926836E-13
 0.275639924376990E-01 -0.787234582041644E-12
 0.238592735701318E+00 -0.153410705284438E-11
-0.463315360195564E-01  0.128817821272365E-11
-0.144139779812330E+00  0.346974808941324E-11
 0.159808128447381E+00 -0.749563073273206E-11
-0.925632599742758E-01  0.761786595117591E-11
 0.330830531675385E-01 -0.522384922272700E-11
-0.424971228754488E-02  0.279430209507236E-11
-0.396282358327467E-02 -0.136424002392351E-11
 0.400862912489578E-02  0.680863485599709E-12
-0.238006315957711E-02 -0.337956271689961E-12
 0.112509284862686E-02  0.214799357420526E-12
-0.460438871678339E-03 -0.258581177842329E-12
 0.169417585071262E-03  0.364115405343503E-12
-0.572551995468906E-04 -0.417529529978352E-12
 0.180168560085945E-04  0.379407906360556E-12
-0.532923733076970E-05 -0.296519927388730E-12
 0.149197772024055E-05  0.209515685932528E-12
-0.397350860168946E-06 -0.117217600657853E-12
 0.101019981234121E-06  0.287165927378190E-13
-0.245429065959463E-07  0.200993648527185E-13
 0.566529004312847E-08 -0.239055065984038E-13
-0.120062331045951E-08  0.243425497482540E-13
 0.190824907694246E-09 -0.473327535736805E-13
 0.239086761514728E-10  0.813664928542441E-13
-0.624804834684713E-10 -0.982092445692368E-13
 0.638586811501017E-10  0.821821524320100E-13
-0.585151886841875E-10 -0.563762276963301E-13
 0.525884339867222E-10  0.432105514582123E-13
-0.469911301597355E-10 -0.329143370969040E-13
 0.419773670360162E-10  0.199844551298017E-13
-0.379185167398184E-10 -0.103881838155280E-13
 0.347369947741365E-10  0.165866401774307E-14
-0.318878250401573E-10  0.532577864512814E-14
 0.290033875406723E-10 -0.816727061095727E-15
-0.259298712404444E-10 -0.979567220182514E-14
 0.231292381992613E-10  0.266012699370440E-14
-0.210557264501161E-10  0.254617595556922E-13
 0.190469739185918E-10 -0.481255714058710E-13
-0.166186863848738E-10  0.512610771585678E-13
 0.141366523889910E-10 -0.471423587007229E-13
-0.120240052110474E-10  0.452671717452582E-13
 0.104229361538963E-10 -0.435417806272621E-13
-0.909812655569070E-11  0.398877067837954E-13
 0.783198717103273E-11 -0.324774263763371E-13
-0.667221116675238E-11  0.205148886296926E-13
 0.567692821358694E-11 -0.690173337696876E-14
-0.493209097218280E-11 -0.221237887102446E-14
 0.439159252868335E-11  0.364960116993405E-14
-0.382306357127627E-11 -0.208730178023576E-14
 0.318650518153048E-11  0.661811969252110E-15
-0.256086443589639E-11  0.617392781999042E-15
 0.197887723459708E-11  0.148466620512964E-14
-0.142667902574684E-11 -0.543208708151843E-14
 0.929527285561833E-12  0.417401923442113E-14
-0.481866792000271E-12  0.108120197500922E-14
-0.332888802828519E-13 -0.290105993671482E-14
 0.602703205971946E-12  0.258739646725756E-15
-0.101745349912048E-11  0.285102500531266E-14
 0.129958677873951E-11 -0.404660274213745E-14
-0.161559708578861E-11  0.352505107531240E-14
 0.192492738503824E-11 -0.435346808843964E-14
-0.219879316603838E-11  0.783531386041128E-14
 0.245766631977065E-11 -0.101310866591717E-13
-0.265687912275038E-11  0.927660983422764E-14
 0.284001384958960E-11 -0.816358619096520E-14
-0.303401454912198E-11  0.985480334103183E-14
 0.316760584972592E-11 -0.139181671314116E-13
-0.326374507207543E-11  0.162721167301072E-13
 0.344160368277873E-11 -0.135381688913615E-13
-0.368103263824290E-11  0.683311727276492E-14
 0.388112338901958E-11 -0.144929976826214E-14
-0.408165460895934E-11  0.156404217361497E-14
 0.428853398599814E-11 -0.369078137582314E-14
-0.441378517625585E-11  0.110557934725257E-14
 0.442856410694466E-11  0.533254091933710E-14
-0.438191059974934E-11 -0.858351174917758E-14
 0.442626304573903E-11  0.606863005234716E-14
-0.455396709001961E-11 -0.955828371834198E-15
 0.460616525679556E-11 -0.425664731058193E-14
-0.455731951023782E-11  0.772626744461747E-14
 0.447726528280570E-11 -0.766817838509612E-14
-0.449431008683393E-11  0.613870994680493E-14
 0.462150410011178E-11 -0.577603500893838E-14
-0.467605665961706E-11  0.512872231503347E-14
 0.459953076172409E-11 -0.280071839377338E-14
-0.449831212386341E-11  0.489069112087921E-16
 0.441815553199007E-11  0.213534231846306E-14
-0.435452298835515E-11 -0.398581422751216E-14
 0.429235803317539E-11  0.513000349019711E-14
-0.424685147668416E-11 -0.401875684940341E-14
 0.421838218967119E-11  0.965578428048061E-15
-0.417080761172204E-11  0.663912605166772E-15
 0.408703316432684E-11  0.619146912394201E-15
-0.397689705824017E-11 -0.213078760346014E-14
 0.383845523826700E-11  0.210182770722198E-14
-0.368296274657059E-11 -0.230930348110653E-14
 0.356762003219590E-11  0.406358163008893E-14
-0.354352725107118E-11 -0.593259219933660E-14
 0.354615652858385E-11  0.625362078296320E-14
-0.346106918593053E-11 -0.531910087734679E-14
 0.325465733161878E-11  0.462932472012709E-14
-0.304297945605685E-11 -0.470766403239865E-14
 0.291510924517387E-11  0.488292560690435E-14
-0.281859516001586E-11 -0.504933786890274E-14
 0.272556998218001E-11  0.516308780224853E-14
-0.267396837175541E-11 -0.408073691497241E-14
 0.265735165083335E-11  0.193199822550999E-14
-0.262206763580123E-11 -0.111400792623822E-14
 0.254395378452283E-11  0.250771912355247E-14
-0.247054668915259E-11 -0.406858909034257E-14
 0.242714671763016E-11  0.407925988066623E-14
-0.238853334387090E-11 -0.291879193279089E-14
 0.234163153696758E-11  0.193157448168510E-14
-0.232101804592647E-11 -0.190004664998576E-14
 0.228907115101085E-11  0.241928122242054E-14
-0.220443079729865E-11 -0.293381719905109E-14
 0.209852142116768E-11  0.354609775390001E-14
-0.200775186432343E-11 -0.400707392163909E-14
 0.194017132956899E-11  0.358518868630427E-14
-0.191254464209313E-11 -0.253717382301240E-14
 0.195009566359622E-11  0.187926853272294E-14
-0.205275890837295E-11 -0.167005570003997E-14
 0.217918331102879E-11  0.132224248141801E-14
-0.111789154597327E-11 -0.530675707893683E-15
 0.111658236023945E-12  0.641491474307818E-03
-0.290713117979575E-13  0.120629491279019E-02
 0.499566241942051E-14  0.645102326146319E-03
 0.302212859039097E-14 -0.106388472627454E-03
-0.617459258718478E-15 -0.335954408857779E-03
-0.378924842156892E-14  0.516872533380936E-04
 0.666017343508200E-14  0.121055214659223E-03
-0.659578796661182E-14 -0.115876837124436E-03
 0.441190909002546E-14  0.615572355944851E-04
-0.214036763345136E-14 -0.230131752104293E-04
 0.116661028490220E-14  0.597523453023908E-05
-0.680914079463685E-15 -0.640550198000586E-06
 0.303295862417177E-15 -0.392235722035189E-06
-0.666024495759965E-16  0.337110571651917E-06
-0.910546103442187E-16 -0.168756051691553E-06
 0.617599010928653E-16  0.681099989965339E-07
-0.114554747404679E-16 -0.241074572772890E-07
-0.172971260031581E-16  0.776156513605167E-08
 0.217786650950010E-16 -0.231899917568047E-08
-0.803362347699124E-17  0.651106841634075E-09
 0.416403834437712E-16 -0.173265631511858E-09
-0.870765157064856E-16  0.439689105045837E-10
 0.842020128708631E-16 -0.106880883398683E-10
-0.185983768381504E-16  0.249614979020919E-11
-0.310507289620583E-16 -0.559314807480376E-12
 0.266151262446058E-16  0.119278252039043E-12
-0.859006967511176E-17 -0.234075615440175E-13
 0.103843271709129E-17  0.345479331668185E-14
-0.329512368186348E-17  0.139866887103152E-14
-0.618622990913642E-17 -0.111950889736471E-14
 0.154825202770213E-16  0.667702612592734E-15
-0.124908487606302E-16 -0.905126329684611E-15
 0.202910342150176E-16  0.871177383239467E-15
-0.248745699392479E-16 -0.358207460749054E-15
 0.754707293216133E-17 -0.100848579289889E-15
 0.909939754843889E-17  0.144844036633235E-15
-0.114179054734261E-16  0.138826802748224E-15
 0.868873721995550E-17 -0.692623860340572E-15
-0.104600880316708E-16  0.601518539936601E-15
 0.173814349601884E-16 -0.595523751675059E-15
-0.168088910874168E-16  0.703935121916766E-16
 0.435182104967627E-17  0.136354510340777E-15
 0.131717947327686E-18  0.110261420414833E-15
 0.111244888724341E-16 -0.645969353848206E-15
-0.233666095031975E-16  0.222689629820147E-15
 0.346246672782438E-16 -0.133475893594479E-15
-0.421650625465268E-16 -0.349776729937548E-16
 0.293646164181140E-16 -0.121439009074125E-15
-0.775472892402073E-17  0.105050915508857E-15
 0.553923316656114E-17 -0.214130381856800E-15
-0.156373381312387E-16  0.113701714891824E-15
 0.158134823744685E-16 -0.810724627163170E-17
-0.698921073102539E-17 -0.393172784853917E-15
-0.566729356306659E-18  0.249333175815348E-15
 0.418194808251480E-17 -0.839178433068288E-17
-0.348663125392514E-17 -0.691865117032987E-16
-0.311555033374401E-17 -0.148548516687574E-15
 0.143111673283453E-16 -0.487996412773539E-17
-0.222758232435883E-16 -0.927561139797089E-16
 0.192402159747108E-16  0.299099739853105E-15
-0.844583408899812E-17 -0.450742917682919E-15
-0.122457778692540E-18  0.370629376958240E-15
 0.335252878200552E-17 -0.272008580230092E-15
-0.545986110528013E-17 -0.555577874997102E-16
 0.855360709796185E-17  0.112273718782238E-15
-0.103614010070911E-16 -0.346483287710448E-16
 0.899248809162960E-17  0.111171909514653E-15
-0.561018827694527E-17 -0.108951746291249E-15
 0.298220449019769E-17  0.433157099781297E-16
-0.265257670176238E-17 -0.112693062032740E-16
 0.385200845963320E-17  0.236272795261429E-15
-0.524830278760518E-17 -0.132498689828860E-15
 0.635813682154058E-17 -0.227828593768411E-16
-0.661054066565930E-17  0.960631872321123E-16
 0.510431654154256E-17  0.454227133750840E-16
-0.199502868091200E-17  0.482102122348769E-16
-0.153820904942898E-17 -0.542877645340522E-16
 0.442290802950949E-17  0.154536305052735E-15
-0.570703270043003E-17 -0.390660299281679E-16
 0.491649987905098E-17  0.488325329188776E-17
-0.317606187178757E-17  0.877514205734140E-16
 0.216045031224033E-17  0.535346602104064E-16
-0.183174810126029E-17  0.843462122254931E-16
 0.106557346944835E-17 -0.120761034269720E-15
 0.995079359411993E-19  0.948877743608719E-16
-0.753356392485890E-18  0.182966367549394E-15
 0.827464405289810E-18 -0.596208292952591E-16
-0.839951954166794E-18  0.593073265829435E-16
 0.692818620590342E-18  0.119410518261719E-15
 0.517351782359854E-20  0.340171539069932E-16
-0.103788300801174E-17  0.213030251281181E-16
 0.185653001663297E-17  0.896053709063597E-17
-0.227085448564775E-17  0.145940016263059E-15
 0.237893529607608E-17 -0.964348040062701E-17
-0.224892924452778E-17  0.318780112312876E-16
 0.199587496251307E-17  0.105893675058506E-15
-0.182128220612711E-17 -0.872741539585131E-17
 0.173038183983405E-17  0.141725795945077E-15
-0.144804290527800E-17 -0.593321161583883E-16
 0.785895087058767E-18  0.723694537254944E-16
 0.672948995686078E-19  0.597595225425501E-16
-0.736123143815498E-18  0.785309656436347E-16
 0.101804422685364E-17  0.158740956640710E-16
-0.963076183042439E-18  0.403038054563627E-16
 0.708110990798866E-18  0.831431010127241E-16
-0.370467498754449E-18 -0.950905221289664E-17
 0.814828019253668E-19  0.352575360864778E-16
 0.583145724795456E-20  0.825065358892187E-16
 0.178942928022064E-18 -0.634539803408778E-16
-0.531958189606592E-18  0.753755763145563E-16
 0.833186984819992E-18  0.536350405455249E-17
-0.910145189580648E-18  0.605156059975616E-16
 0.745785728209456E-18 -0.130095522716083E-15
-0.447605264504600E-18  0.546274723750254E-16
 0.142891970162064E-18  0.105611393200814E-15
 0.909710284190768E-19 -0.430003006629698E-16
-0.226244830752754E-18  0.132057896547535E-16
 0.257908501861426E-18  0.443935701584743E-16
-0.194307991853096E-18  0.619570994830055E-16
 0.630311065980195E-19 -0.372733816466881E-16
 0.925553236039304E-19 -0.172219255145081E-16
-0.231650793775505E-18  0.433854695038413E-16
 0.332398963988293E-18  0.622168187002509E-16
-0.391904211350847E-18  0.264714801574049E-16
 0.414590420198805E-18 -0.146291214528082E-16
-0.400164356637172E-18 -0.301407479909440E-16
 0.356926071034689E-18  0.100058051321697E-15
-0.164813670295443E-18 -0.323794943175431E-16
 0.342904964960714E-13  0.452990938885900E-05
 0.910127055434105E-14 -0.544222797714468E-05
-0.515533985768039E-14  0.100462032742789E-07
 0.260560106961873E-14  0.492041460114005E-06
-0.934210301761972E-15  0.390679944048698E-06
-0.116581842380004E-15 -0.217613208602398E-06
 0.113791239901958E-15 -0.120144191091170E-06
-0.315739066055626E-16  0.191929064879375E-06
 0.985193101686661E-16 -0.126428243839459E-06
-0.881128061810562E-16  0.578522207054801E-07
 0.276977860822306E-16 -0.204910758527289E-07
 0.469522456258166E-16  0.567893262197238E-08
 0.693045278818198E-16 -0.110502027711466E-08
-0.960490623142139E-16  0.436062458709618E-10
-0.132144374011128E-18  0.892445547308835E-10
-0.663610215099220E-17 -0.566982685333779E-10
 0.280663534940118E-17  0.243628733040810E-10
-0.671622654533395E-16 -0.877100517685948E-11
 0.125589771399416E-15  0.282608879481836E-11
-0.271343178221575E-16 -0.839188905508196E-12
-0.106778350737046E-16  0.232339639037602E-12
-0.358386883616727E-16 -0.613127336524694E-13
 0.369576245990668E-16  0.158241903639697E-13
-0.727645380224711E-17 -0.446960136952196E-14
-0.584836237153808E-17  0.945783112639183E-15
-0.170527425967607E-16  0.388591933539605E-15
 0.250173136206226E-16 -0.349183546377201E-16
-0.228339425173978E-16 -0.513818247610106E-15
 0.345922870391141E-16 -0.137695085214628E-16
-0.285578635936209E-16  0.975812487507339E-16
 0.129977158196821E-16 -0.401066309452766E-16
-0.335833672477046E-17 -0.342719619167431E-15
-0.110233360244657E-16  0.185997824195845E-15
 0.303741115620801E-16  0.828397621157798E-16
-0.242700814160900E-16 -0.258969070709648E-15
 0.353918036474990E-17 -0.416867899852324E-16
-0.193070606456777E-16  0.353234592289646E-15
 0.459820034845436E-16 -0.110869431472004E-15
-0.501910100842386E-16  0.399030629855995E-16
 0.435409635678043E-16 -0.261208987817104E-15
-0.199078731974768E-16 -0.594985880402728E-16
-0.119646014904541E-17 -0.316771083344530E-16
-0.375491529507478E-17  0.772704423190149E-17
 0.120399132385694E-16  0.235378539678066E-15
-0.160963939322349E-16 -0.631082466038488E-16
 0.151279950200029E-16 -0.258981185338405E-15
 0.146003508194228E-17  0.285225488042077E-15
-0.112484648073814E-16 -0.142334475383569E-15
 0.320227225780203E-17 -0.906619437245029E-16
-0.341541907329303E-17  0.205978530969235E-15
 0.145682948190131E-16 -0.492093690508354E-16
-0.187955266437001E-16 -0.114418255502718E-15
 0.108514492151105E-16  0.209208182552609E-15
 0.723650120600953E-17  0.693308404060872E-16
-0.197944175359772E-16 -0.252049572407497E-15
 0.825014016816710E-17  0.914806470799457E-16
 0.177110333491692E-16 -0.193488612435761E-16
-0.366124000073476E-16  0.479704009204522E-20
 0.425170884903906E-16  0.339010314653255E-16
-0.362854857925368E-16  0.818771157628208E-16
 0.206215291684291E-16 -0.123828358155772E-16
-0.461490811438065E-17  0.126016527593739E-15
-0.596069785562822E-17  0.524721067730369E-17
 0.129808685490058E-16  0.232594675398185E-16
-0.158884693049283E-16 -0.658437703065596E-16
 0.108679917888025E-16 -0.907270060550229E-17
-0.731778911681270E-18  0.681859597923071E-16
-0.546491090386570E-17  0.882165850415835E-16
 0.410567965257341E-17  0.939776704945728E-16
-0.200015459530532E-18 -0.415742195702061E-16
-0.228962681914125E-17  0.188004727574974E-16
 0.448177118395843E-17  0.528912505631510E-16
-0.585632761376820E-17 -0.116765220508937E-15
 0.368459214966801E-17  0.105074079997516E-16
-0.115444395194466E-18  0.860939667978786E-17
 0.941876630563154E-19 -0.250014623211206E-16
-0.269818637305121E-17  0.108822568936188E-15
 0.311674948838270E-17  0.166013633647908E-16
-0.987699848503141E-18 -0.199467928723384E-16
-0.630306552957353E-18 -0.561917311666854E-16
 0.131878766324423E-17  0.384342055173091E-16
-0.239135269544224E-17  0.637468704199557E-16
 0.332096245912289E-17 -0.538373647228288E-16
-0.315059706096414E-17 -0.172281195883377E-17
 0.237338302432927E-17 -0.108941214307804E-16
-0.134762135943653E-17 -0.254267430869838E-16
-0.153223380299786E-18  0.163936886020063E-16
 0.115757314817661E-17 -0.123224875485939E-17
-0.212092078421934E-18  0.310137394555580E-17
-0.202646732149424E-17 -0.306273366825480E-16
 0.339138875427299E-17  0.325866443347992E-16
-0.319871456806460E-17  0.772558649926280E-16
 0.268953838906833E-17 -0.353709556670263E-16
-0.281861089769845E-17  0.214589525025259E-16
 0.322332470477283E-17 -0.101081159691898E-15
-0.327205140613624E-17  0.766872210246970E-16
 0.294341777083750E-17  0.746511143571599E-17
-0.252041242254050E-17 -0.191346392557704E-16
 0.207100221004173E-17  0.795508527350393E-17
-0.143968713799464E-17 -0.343727754573343E-16
 0.531498094299441E-18  0.706440243054774E-16
 0.474409622752370E-18 -0.262828613143349E-16
-0.116148504570271E-17 -0.100313658351083E-16
 0.119426513420269E-17 -0.349743624618470E-16
-0.662008422652960E-18  0.266600804373787E-16
 0.584419440177492E-19  0.701738155025243E-17
 0.128197876584196E-18  0.271246078924661E-17
 0.200226302350430E-18  0.124885631269545E-16
-0.749212689896964E-18  0.447320538012216E-16
 0.113908522608995E-17  0.338760355535543E-16
-0.119169546513642E-17 -0.909248403993595E-16
 0.979810904133247E-18  0.605165736615534E-16
-0.681676260448301E-18 -0.139975857586794E-16
 0.421685605433499E-18 -0.726916003879694E-17
-0.228296424207141E-18  0.526238669181474E-17
 0.968357239775611E-19 -0.200655414282740E-16
-0.502326544359499E-19  0.198978438488987E-16
 0.122917566966064E-18  0.633092889743207E-17
-0.299125002776310E-18 -0.856894396833916E-16
 0.491653988486292E-18  0.963478523312422E-16
-0.595832396612285E-18  0.149070395967262E-16
 0.566499409817964E-18  0.249353532516965E-16
-0.443706885333100E-18 -0.218247880823020E-16
 0.309714242432479E-18  0.302779227995866E-16
-0.224490157903495E-18 -0.525661609956204E-16
 0.193868990957425E-18 -0.115905989633253E-16
-0.188906760581898E-18  0.300451896163492E-16
 0.938527858912139E-19 -0.165855398593072E-17
