 0.426017238806588E+00  0.000000000000000E+00
 0.339661582784339E+00  0.143648748910730E-08
-0.232120768449828E+00 -0.123161776556168E-08
 0.129984428619912E-01 -0.127381806200693E-09
 0.895700965639238E-01  0.869809113800105E-09
-0.563690078864936E-01 -0.549478584688993E-09
-0.277456340636546E-02 -0.291645510387960E-10
 0.223627311910040E-01  0.248045491855686E-09
-0.113906163267309E-01 -0.141002320291144E-09
-0.148913199003119E-02 -0.974792206130720E-11
 0.466950501866445E-02  0.578633715399733E-10
-0.203282301866634E-02 -0.299125642213645E-10
-0.439617848227134E-03 -0.370444092599687E-11
 0.897040161065447E-03  0.129024126620832E-10
-0.337497648644684E-03 -0.622171135916117E-11
-0.107769040872219E-03 -0.787634591573421E-12
 0.164897885047629E-03  0.242916904429573E-11
-0.532213162263316E-04 -0.954561434896432E-12
-0.240060969288812E-04 -0.412515125237419E-12
 0.294801218438006E-04  0.658716769988695E-12
-0.800667524903818E-05 -0.323129130529484E-12
-0.503691751961230E-05  0.456852427682035E-13
 0.516383762669964E-05  0.303137286600592E-14
-0.114163828814247E-05  0.578771683104782E-13
-0.101385403872929E-05 -0.107301085225387E-12
 0.890074284621775E-06  0.115189666755043E-12
-0.152022367328809E-06 -0.966548961376090E-13
-0.198806720725514E-06  0.613889441385592E-13
 0.156434376975703E-06 -0.949188928155203E-14
-0.254031461086870E-07 -0.509074897921449E-13
-0.396672630240949E-07  0.984347889267548E-13
 0.253287553858301E-07 -0.568522703433970E-13
 0.518149933065602E+00  0.281725643296013E-08
 0.586543079023477E+00  0.362321190065482E-08
-0.862287901175730E-01 -0.413895411143781E-09
-0.111687634395276E+00 -0.946720002204480E-09
 0.632422097109769E-01  0.538144799882782E-09
 0.927836923398576E-02  0.915183760381267E-10
-0.244330872506163E-01 -0.245424206059376E-09
 0.850502414951600E-02  0.959641586722947E-10
 0.376067233076816E-02  0.377652687355090E-10
-0.462008268059078E-02 -0.553650838426790E-10
 0.112641670154333E-02  0.170122777222897E-10
 0.906257466319278E-03  0.101991752766743E-10
-0.826357530500327E-03 -0.116150255676174E-10
 0.138611232744600E-03  0.287512332245982E-11
 0.190537120082369E-03  0.242713378032375E-11
-0.143032918768332E-03 -0.232937906125712E-11
 0.143445350087564E-04  0.457086224018616E-12
 0.376068612234057E-04  0.537914036744676E-12
-0.241566331460565E-04 -0.448501636804788E-12
 0.814493466308339E-06  0.641217826878261E-13
 0.714918123335463E-05  0.115405011441106E-12
-0.399452996446988E-05 -0.849133078211419E-13
-0.146074907135963E-06  0.937119356077281E-14
 0.132423717246876E-05  0.210755367314567E-13
-0.647172318026814E-06 -0.141233356278619E-13
-0.742993693794106E-07  0.402948258011070E-14
 0.240022086211140E-06 -0.362346743253769E-14
-0.101489521793792E-06  0.370312696828178E-14
-0.216098568780836E-07  0.613989761735376E-14
 0.397113367034527E-07 -0.236095804675862E-13
-0.832642896089210E-08  0.377797041762610E-13
-0.446627882975134E-08 -0.209173007192671E-13
 0.265183721065322E-09 -0.197563251417070E-02
 0.455649945032899E-09 -0.200534685711927E-02
-0.918379611588665E-10  0.406803839686800E-03
 0.332759458962904E-10  0.827080032793754E-04
-0.126679469612001E-10 -0.538592790653091E-04
 0.523754206679277E-11  0.183016676675272E-04
-0.216713901659828E-11  0.748111894186055E-05
 0.908507831711533E-12 -0.816202836045755E-05
-0.367246209696524E-12  0.289402122317567E-05
 0.140511003240561E-12  0.242047847400845E-06
-0.522268925242372E-13 -0.701868737403208E-06
 0.207450362445251E-13  0.254946942818803E-06
-0.946831321913640E-14  0.531618753658552E-07
 0.452930344658852E-14 -0.911862425814660E-07
-0.190785659621854E-14  0.332920871770654E-07
 0.651199212142609E-15  0.528242126925256E-08
-0.184357577739781E-15 -0.104094056326871E-07
 0.471165803933849E-16  0.358230724977703E-08
-0.193347311839392E-16  0.938309887977052E-09
 0.741264356763308E-17 -0.138795295044680E-08
 0.101770326925016E-16  0.444425646146941E-09
-0.186320858190227E-16  0.137583157617870E-09
 0.535905425029019E-17 -0.181041483722474E-09
 0.151022338960540E-16  0.518951551517618E-10
-0.181378193242842E-16  0.224961847995846E-10
 0.125922162109891E-16 -0.248927173052793E-10
-0.164534376760259E-16  0.628545925769890E-11
 0.196727932428842E-16  0.360260471518123E-11
-0.122194139953416E-16 -0.356418654525348E-11
 0.400926533684674E-17  0.842911718613830E-12
-0.216663535330911E-17  0.672727822273868E-12
 0.128224546095853E-17 -0.482190969243938E-12
 0.110745025643153E-07 -0.283755128625811E-03
-0.473333809417246E-09  0.152048456100430E-03
 0.946711753254083E-10 -0.899718882874162E-04
-0.331969592598611E-10  0.427247036444223E-04
 0.130791219312117E-10 -0.171611153549258E-04
-0.528172613783540E-11  0.621941336748842E-05
 0.214037165770820E-11 -0.221009023172015E-05
-0.866815826913188E-12  0.841223041746775E-06
 0.350720221712844E-12 -0.351958144296038E-06
-0.141824134138796E-12  0.152629437132672E-06
 0.573743973711342E-13 -0.639727748435697E-07
-0.231752124769976E-13  0.252537824782685E-07
 0.931786545158995E-14 -0.962957139640178E-08
-0.376367778341609E-14  0.376138207509345E-08
 0.151159874718904E-14 -0.156418545655426E-08
-0.576060226133338E-15  0.672008667869329E-09
 0.212155185904857E-15 -0.279457825051743E-09
-0.828616981861978E-16  0.108539428211537E-09
 0.483087892914582E-16 -0.404427598079901E-10
-0.452837093460303E-16  0.157510960332752E-10
 0.344116047075324E-16 -0.679927109860574E-11
-0.125138410333762E-16  0.305361468160286E-11
-0.697681070087900E-17 -0.127319709340864E-11
 0.129435936422906E-16  0.465066760059127E-12
-0.640549889438784E-17 -0.157239417714311E-12
-0.176907565299480E-17  0.607339817950163E-13
 0.260293497561389E-17 -0.300129726301702E-13
 0.352839157491088E-17  0.151482762423237E-13
-0.756979870491155E-17 -0.629731642130598E-14
 0.533820327060916E-17  0.192054979911019E-14
-0.223249766117452E-17 -0.567639976635417E-15
 0.695039042192992E-18  0.217394817561079E-15
