-0.460742492748745E+00  0.000000000000000E+00
-0.708635203871553E+00 -0.452430706590066E-11
-0.116995252555808E+00 -0.327109973331608E-11
 0.133665002648434E+00  0.221158310866917E-11
 0.506673259929648E-01  0.823425616120089E-12
-0.138303047410782E-01 -0.267462450577926E-12
-0.958108443843023E-02 -0.194917541250981E-12
 0.523496029302598E-03  0.569785678448331E-14
 0.130839922145373E-02  0.439224158933319E-13
 0.120579275721952E-03 -0.907679433174435E-14
-0.139666108609179E-03  0.107706501061491E-13
-0.343386492012375E-04 -0.174695705497003E-13
 0.111156709203705E-04  0.138498262130589E-13
 0.555871118353813E-05 -0.881109585961897E-14
-0.431243510374689E-06  0.864316304677848E-14
-0.689003816449984E-06 -0.113537932647406E-13
-0.554854507523763E-07  0.107453664464517E-13
 0.682554045163973E-07 -0.614851231261920E-14
 0.165061636147462E-07  0.278642657003847E-14
-0.503017865484704E-08 -0.190519536783012E-14
-0.258721496369753E-08  0.596701944683713E-15
 0.157534451846256E-09  0.104398675839495E-14
 0.308209229812157E-09 -0.164963353378734E-14
 0.300144908113673E-10  0.637121536121974E-15
-0.290536887354465E-10  0.778694121656820E-15
-0.784399179995249E-11 -0.464452315241797E-15
 0.207415164145582E-11 -0.703879774271197E-15
 0.105447096367117E-11  0.142590752296193E-14
 0.345524796925220E-13 -0.176988057462593E-14
-0.183525815529960E-12  0.152938977034534E-14
 0.447380441069914E-13 -0.103922597715095E-14
-0.192987453071663E-13  0.419700137775803E-15
-0.237853865134247E+00 -0.611020506728217E-12
-0.404202845808686E+00 -0.246450078036909E-11
-0.173270007111649E+00 -0.211776039057423E-11
 0.475258337212882E-02  0.876540326448574E-13
 0.326588867233103E-01  0.509792546504265E-12
 0.789642547911860E-02  0.140029574211981E-12
-0.287301201632028E-02 -0.598860574618589E-13
-0.161327579451185E-02 -0.379975525158221E-13
 0.755211892502528E-04  0.476461000868588E-14
 0.212989988980109E-03  0.422887381411786E-14
 0.262713484797934E-04  0.354743539571786E-14
-0.210113158648356E-04 -0.434101248605070E-14
-0.642890450585227E-05  0.249376551825620E-14
 0.140899530987489E-05 -0.126321534421143E-14
 0.956010354815891E-06  0.154985534976053E-14
-0.103821341941015E-07 -0.264548561624408E-14
-0.109289487469181E-06  0.250744759518894E-14
-0.158236091592044E-07 -0.106885909208552E-14
 0.973025749993669E-08  0.380428414476532E-15
 0.326704589327187E-08 -0.531596652737103E-15
-0.570891738037608E-09  0.113989642891894E-15
-0.449281301669480E-09  0.363986181344412E-15
-0.675346473419402E-11 -0.528899416428820E-15
 0.483484261435926E-10  0.249712656335663E-15
 0.825129869215947E-11  0.249134687700058E-15
-0.403198778008216E-11 -0.559073639324561E-16
-0.151140480813823E-11 -0.266036657944250E-15
 0.182592486866039E-12  0.330319412583224E-15
 0.208766106479926E-12 -0.441804821402216E-15
 0.512118152789023E-14  0.367952619705780E-15
-0.909596240694513E-14 -0.221349777301712E-15
-0.974440072407024E-14  0.952767150655191E-16
 0.186729857881519E-12  0.149548074384342E-02
-0.130261948095810E-12  0.208713732496432E-02
 0.128637980536629E-13 -0.658923255491394E-04
-0.285065424516750E-14 -0.188225537953414E-03
 0.544349793416494E-15 -0.260308737142499E-04
-0.134326931958124E-15  0.105780209614297E-04
-0.920069629357270E-16  0.183451500688460E-05
 0.133021151961482E-15 -0.711250429093741E-06
-0.508284879950943E-16 -0.201537150402703E-06
-0.169282935180248E-16  0.386667438910633E-07
 0.201102436889749E-16  0.189760541995823E-07
-0.371306527719560E-16 -0.112421155668297E-08
 0.701299886204942E-16 -0.165018627630264E-08
-0.563907134775824E-16 -0.913712054451081E-10
 0.230752315231867E-16  0.125714156626972E-09
-0.179220099211635E-16  0.228619912515677E-10
 0.167305443104140E-16 -0.788435523956830E-11
-0.582028993908060E-17 -0.296558538024347E-11
 0.396962336722750E-17  0.304673206080926E-12
-0.767704504510637E-17  0.300994895137565E-12
 0.710202592389636E-17  0.130912432038593E-13
-0.445024070073033E-17 -0.253514638456226E-13
 0.113368449922773E-19 -0.467688781914041E-14
 0.483290199090459E-17  0.188278254552092E-14
-0.600192298584388E-17  0.537672175954686E-15
 0.487538559425263E-17 -0.289789790503173E-16
-0.411833131699353E-17 -0.127931260537806E-15
 0.227811801481434E-17  0.880861987329759E-17
 0.119905874435823E-17  0.594779686506498E-16
-0.351135505018289E-17  0.423627315829232E-17
 0.319591559844984E-17 -0.143925489204511E-16
-0.122310027048815E-17 -0.585908521852724E-16
-0.423394911009821E-11  0.954487590604375E-04
 0.156355804819915E-12 -0.114910566467214E-03
-0.193768280577066E-13  0.463956358845677E-04
 0.322726918562132E-14 -0.993486176837434E-05
-0.676931772064694E-15  0.136654763105072E-05
 0.342162011656966E-15 -0.194362805865139E-06
-0.323273703894964E-16  0.477507975183358E-07
-0.105987187362465E-15 -0.106845000150607E-07
 0.575918435199579E-16  0.156814157245552E-08
-0.291006557989212E-16 -0.251810938281024E-09
 0.906763016838860E-17  0.678046265293878E-10
 0.141075599931886E-16 -0.126717260437463E-10
-0.239199995494155E-16  0.128939574730639E-11
 0.400475402817294E-17 -0.345451145565844E-12
 0.220647636546180E-16  0.114240075836518E-12
-0.485686705848995E-17 -0.927596284987501E-14
-0.217557213584830E-16 -0.525367495420407E-16
 0.230969077598096E-16 -0.101581346892853E-14
-0.120773351505241E-16  0.941245700553181E-16
-0.282332882977299E-17  0.130216380067208E-15
 0.101703793148896E-16  0.570941772275179E-17
-0.674510740457171E-17 -0.243083258486180E-16
 0.316760029724737E-17 -0.116024583745521E-16
 0.205086307554047E-17 -0.351723704301017E-16
-0.102736642111774E-16 -0.445378890304151E-16
 0.116463574470385E-16 -0.561647926600197E-16
-0.592302541918659E-17  0.767803313437287E-18
 0.293891870674922E-17  0.624959561407036E-16
-0.414564639894492E-17  0.128197216475535E-16
 0.384952892584661E-17  0.261576659518120E-16
-0.110050539272128E-17 -0.331497519118046E-16
-0.222437473801950E-18  0.729841190984952E-16
