 0.456431755088323E+00  0.000000000000000E+00
 0.656597452624301E+00  0.339742710763439E-10
 0.471050577163337E-01  0.146193855302181E-10
-0.159969787987057E+00 -0.179155983097879E-10
-0.316171088507512E-01 -0.414489738474230E-11
 0.294504765738035E-01  0.428419628018305E-11
 0.790514775304726E-02  0.938276788997712E-12
-0.448437942399935E-02 -0.693614387509354E-12
-0.155833596005550E-02 -0.271859790533503E-12
 0.593670939719658E-03  0.152570507375651E-12
 0.273139143467462E-03  0.164395670383502E-13
-0.690864314809861E-04  0.899690468405369E-14
-0.443023485844567E-04 -0.288887427198777E-13
 0.680039154243601E-05  0.167179692827191E-13
 0.676708024562565E-05 -0.108941658188779E-13
-0.471388987109385E-06  0.128477516189648E-13
-0.981994056528223E-06 -0.127934608492165E-13
-0.635723179610512E-08  0.100210659925565E-13
 0.135909768349805E-06 -0.789186653676899E-14
 0.110000764808786E-07  0.653894707757784E-14
-0.179428747732087E-07 -0.480339097911502E-14
-0.286573360614578E-08  0.431128731918775E-14
 0.225119317371486E-08 -0.565830625784106E-14
 0.563768191418762E-09  0.649173864195517E-14
-0.265428137585441E-09 -0.518055643022783E-14
-0.977459270207898E-10  0.268265123546211E-14
 0.291176522997094E-10 -0.162140509814686E-14
 0.153493264105908E-10  0.299299304864680E-14
-0.260117535150206E-11 -0.416336797588819E-14
-0.248463511050290E-11  0.225912844223188E-14
 0.259737977653662E-12  0.150852393363135E-14
 0.305213753576394E-12 -0.165066668955525E-14
 0.285573243691401E+00  0.919155946237979E-11
 0.465471279917907E+00  0.257928740527503E-10
 0.172320938977476E+00  0.159243087672664E-10
-0.318299880941371E-01 -0.318902009325017E-11
-0.424582626320761E-01 -0.493247981060261E-11
-0.234947746592971E-02 -0.179813504101662E-12
 0.680832171030911E-02  0.949919950276862E-12
 0.119729487483728E-02  0.159491731123089E-12
-0.938309413115956E-03 -0.167402718775774E-12
-0.272904464415433E-03 -0.344012093214084E-13
 0.115665992494821E-03  0.186197107119718E-13
 0.501101953813989E-04  0.132089547102017E-13
-0.126235688254081E-04 -0.692507445327003E-14
-0.822960105316905E-05  0.402517985241654E-15
 0.113903196528599E-05 -0.123950264573900E-14
 0.125448522617479E-05  0.270450155350444E-14
-0.615158660511412E-07 -0.254158087952590E-14
-0.180367647608119E-06  0.160229756201914E-14
-0.548974762946530E-08 -0.125564209551512E-14
 0.246221384944201E-07  0.121267350652652E-14
 0.267259478870657E-08 -0.586427978968375E-15
-0.319338244779768E-08  0.408642289910409E-15
-0.615951261566730E-09 -0.102168892219718E-14
 0.391460932896645E-09  0.137693694157255E-14
 0.114995661756011E-09 -0.105559248539621E-14
-0.448227514132649E-10  0.285947058986937E-15
-0.191780139945780E-10  0.888825406892297E-16
 0.460407298223664E-11  0.448261203496343E-15
 0.300488267555572E-11 -0.102688345829546E-14
-0.417673382858974E-12  0.574604764993416E-15
-0.365976292240194E-12  0.499628551946495E-15
 0.205472574718590E-13 -0.497382754277611E-15
-0.103544128219547E-11 -0.168500259342090E-02
 0.171988869106510E-11 -0.224135607899557E-02
-0.210840018449878E-12  0.902500200546853E-04
 0.496155543345828E-13  0.212603991298154E-03
-0.128458640228455E-13  0.202752614281865E-04
 0.386284264647313E-14 -0.163741974232886E-04
-0.536998702075327E-15 -0.539115981209584E-06
 0.212191688631490E-16  0.155820800661917E-05
-0.914962995690499E-16  0.928311975783615E-07
 0.894910101334165E-16 -0.152046208654315E-06
-0.427552867444594E-16 -0.120964812904854E-07
 0.342756255094158E-16  0.144998355686632E-07
-0.440226244751614E-16  0.184593472327858E-08
 0.266258801918933E-16 -0.141776667869247E-08
-0.140643861797540E-16 -0.258380128960796E-09
 0.653246661531224E-17  0.135796823357791E-09
 0.291516164881814E-17  0.351832694045881E-10
-0.653049685639633E-18 -0.127282059942446E-10
-0.194635645480035E-17 -0.459347146799974E-11
 0.321333512926541E-17  0.112705292808316E-11
-0.900627856144632E-17  0.582799348744652E-12
 0.779857263776365E-17 -0.900320627469895E-13
-0.374564797687658E-18 -0.719189620250773E-13
-0.572516805718161E-19  0.567723504671928E-14
-0.278781861339319E-17  0.866513434491728E-14
-0.197380686151858E-17 -0.195397027813750E-15
 0.110598683226319E-16 -0.988824409740098E-15
-0.143508115790035E-16 -0.238259515452998E-16
 0.963237981005687E-17  0.148127771857072E-15
-0.241419485317884E-17  0.584728284011121E-16
-0.200274997412813E-17 -0.746899226858959E-16
 0.152668052257959E-17 -0.188566739415548E-17
 0.493149419884755E-10 -0.124959803668150E-03
-0.187144284298466E-11  0.143631485397734E-03
 0.254757764979515E-12 -0.613851663749388E-04
-0.533447891132075E-13  0.151239368363123E-04
 0.119929978559598E-13 -0.261590345990463E-05
-0.280503284005954E-14  0.459329439545702E-06
 0.653667512323258E-15 -0.120213241675666E-06
-0.640956292619461E-16  0.322878926186689E-07
-0.579806463588651E-16 -0.653529142727229E-08
-0.381804783275187E-17  0.120783114342408E-08
 0.204566154873263E-16 -0.312037294623640E-09
-0.328100653366328E-17  0.827490359559175E-10
 0.772067207884721E-17 -0.151016741700791E-10
-0.296182062577155E-16  0.260932989353934E-11
 0.512598919832324E-16 -0.859510169471962E-12
-0.247072796112522E-16  0.233290430972765E-12
-0.139087817199158E-16 -0.275923726954837E-13
 0.169029521902761E-16  0.412602792914957E-14
-0.110603618736218E-16 -0.315619892146592E-14
 0.613130150852808E-17  0.744348837124556E-15
 0.485605992707727E-17  0.640238323511635E-16
-0.826509346951856E-17 -0.619519897621795E-17
 0.117740916096510E-17  0.935971406716002E-17
 0.476008099599624E-17 -0.824755980741512E-16
-0.466334126211922E-17  0.114850891384105E-15
 0.150985790528392E-18 -0.480564142624727E-16
 0.504103635781677E-17  0.524974080049270E-16
-0.629361335761397E-17 -0.197443380004977E-16
 0.306183061608761E-17 -0.988910965919396E-17
 0.636248661498022E-18 -0.434917537097193E-16
-0.205644480355902E-17  0.619189554772366E-16
 0.105486406842947E-17 -0.207883061079887E-16
