-0.444053058416122E+00  0.000000000000000E+00
-0.519123976608244E+00 -0.320325854935704E-09
 0.118068948028821E+00  0.209875202547757E-10
 0.143856336419466E+00  0.208326515026734E-09
-0.558022516867151E-01 -0.764170749640844E-10
-0.320057891493611E-01 -0.516472939716382E-10
 0.204608280859751E-01  0.361049424173079E-10
 0.444362172613772E-02  0.618352860058769E-11
-0.572728881605914E-02 -0.106313479129592E-10
-0.264821210624912E-04  0.258043479268271E-12
 0.130742921931783E-02  0.286773454060503E-11
-0.219954263335480E-03 -0.822182426074817E-12
-0.249835771058131E-03 -0.365136345203931E-12
 0.901569422262875E-04  0.120290396785752E-12
 0.386606162681939E-04  0.185605692739155E-12
-0.257447298821038E-04 -0.168032864829033E-12
-0.394624512878848E-05  0.820432987479408E-13
 0.610302000197960E-05 -0.610537914115212E-13
-0.172626308773613E-06  0.689628536696787E-13
-0.125477623941044E-05 -0.691599715099280E-13
 0.241484588572177E-06  0.626261001011179E-13
 0.223096516290336E-06 -0.566626285651721E-13
-0.867487958281302E-07  0.521006790073687E-13
-0.324048925843742E-07 -0.472788140285521E-13
 0.233136739258462E-07  0.419282837818181E-13
 0.295873118269074E-08 -0.381328137835363E-13
-0.532058468550450E-08  0.373841228764837E-13
 0.250369071178383E-09 -0.357432127052113E-13
 0.106321177469754E-08  0.251673624593291E-13
-0.246908892637121E-09 -0.344922556779538E-14
-0.157628616756500E-09 -0.190856064658565E-13
 0.770198104512593E-10  0.139658313732873E-13
-0.393487041707816E+00 -0.231913027757544E-09
-0.563416058525128E+00 -0.454106098798199E-09
-0.963311784164429E-01 -0.132891501459195E-09
 0.105511044627618E+00  0.129009546873076E-09
 0.255791165210351E-01  0.363202444760149E-10
-0.260426993921791E-01 -0.393359501395578E-10
-0.367901256673082E-02 -0.499620219191240E-11
 0.640137312948599E-02  0.110495712871938E-10
 0.108105597209657E-04 -0.385060900984299E-12
-0.143114869402012E-02 -0.276107228584567E-11
 0.205222060521713E-03  0.594974220388734E-12
 0.282206413896650E-03  0.538703967906873E-12
-0.876189100458644E-04 -0.210660449749662E-12
-0.471885657497115E-04 -0.110784907545852E-12
 0.261441275594748E-04  0.849675998432957E-13
 0.592817922408619E-05 -0.341075259588533E-14
-0.648376913801104E-05 -0.575416670101499E-14
-0.221494407671823E-06 -0.101280584610707E-13
 0.140093092907637E-05  0.136534673869520E-13
-0.177202948379099E-06 -0.102493059855963E-13
-0.265233977870876E-06  0.867052038352166E-14
 0.795022102766715E-07 -0.846248922253089E-14
 0.426370205586007E-07  0.806920254035641E-14
-0.233991173414811E-07 -0.731633350366056E-14
-0.512549938500403E-08  0.601861506500101E-14
 0.568518836603074E-08 -0.482470187366097E-14
 0.154201750164357E-09  0.516137244974804E-14
-0.120357109619374E-08 -0.644735106639234E-14
 0.155939082827072E-09  0.514713388926302E-14
 0.226518049272189E-09  0.715893361523313E-15
-0.481323985659574E-10 -0.744252278368792E-14
-0.340615650376748E-10  0.499717850095291E-14
-0.453056390262450E-11  0.199582322897266E-02
-0.327611234617159E-10  0.237132008942545E-02
 0.538384519607368E-11 -0.230943129055998E-03
-0.156241610559087E-11 -0.215703597679118E-03
 0.469587261495169E-12  0.215811290383940E-04
-0.170077606387517E-12  0.185131349822549E-04
 0.547278545202427E-13 -0.966226442382241E-05
-0.136542570638514E-13 -0.628659356521074E-06
 0.274183303683762E-14  0.137472468380510E-05
-0.111561019710648E-14 -0.123568426851306E-06
 0.698460743237241E-15 -0.195626079257354E-06
-0.228202691661085E-15  0.554581934476561E-07
-0.202590157107868E-16  0.199862052605233E-07
 0.382832581482442E-16 -0.116461436661840E-07
-0.150645884296902E-16 -0.140843370995601E-08
 0.170892770032679E-16  0.213417657234338E-08
-0.137068960922321E-16 -0.116251745470292E-09
-0.609290433280071E-17 -0.331318987692211E-09
 0.879369578728162E-17  0.701583958063903E-10
 0.195829570111832E-16  0.451850762116910E-10
-0.367105552686052E-16 -0.189968230389196E-10
 0.209812600110507E-16 -0.478092313798578E-11
 0.639755238861551E-18  0.400703773683004E-11
-0.112523192164465E-16  0.216409312514640E-12
 0.141086705035776E-16 -0.734702056815308E-12
-0.100569413832733E-16  0.749107963736505E-13
 0.279784394412108E-17  0.118490674544169E-12
 0.421706330453955E-18 -0.314734077795848E-13
-0.855770429905281E-18 -0.165434369152405E-13
 0.343614687869652E-17  0.868601878926479E-14
-0.655684240711639E-17  0.171947180072855E-14
 0.372281375565798E-17 -0.184206182039348E-14
-0.853049833202055E-09  0.184146229567366E-03
 0.347420309757941E-10 -0.174008989325184E-03
-0.589612956754704E-11  0.861939936209512E-04
 0.163444389500222E-11 -0.290820786237166E-04
-0.493394565740420E-12  0.770723284703931E-05
 0.151065848161098E-12 -0.191144100881503E-05
-0.462101558628728E-13  0.556806502538038E-06
 0.140642755236214E-13 -0.191235582150154E-06
-0.430276906021934E-14  0.630976138566840E-07
 0.135404669809668E-14 -0.182081657099830E-07
-0.463168123770613E-15  0.499693594795391E-08
 0.137033252703902E-15 -0.154141552432006E-08
-0.170559259658042E-17  0.524165491491425E-09
-0.159674953635235E-16 -0.163547634470478E-09
 0.384278307715309E-17  0.439490005260841E-10
 0.172334974122892E-17 -0.121150731116561E-10
-0.647358973362734E-17  0.421145716668618E-11
 0.102444755562723E-16 -0.149928018879585E-11
-0.413439615057841E-17  0.414631070905398E-12
-0.746636240579222E-17 -0.915510258613561E-13
 0.775504701619837E-17  0.288289781180369E-13
 0.259975005124177E-18 -0.134725824924411E-13
-0.363038756183402E-17  0.450509296073777E-14
 0.159023687952111E-17 -0.789887022434842E-15
 0.352702216374846E-17  0.794262794640357E-17
-0.935891618916129E-17 -0.354119064258605E-16
 0.991645283314959E-17  0.791603111185979E-16
-0.421864694579499E-17 -0.142725051612350E-17
-0.114942838368843E-17 -0.258429752207287E-17
 0.179350120518751E-17  0.176132031052059E-16
 0.205490953140480E-18 -0.411480135446667E-16
-0.631323787930928E-18  0.605205040813198E-18
